0	0	0	1	1	0	1	1	999	71	61	0.541	0.009	0.449	1
0	0	1	1	1	0	1	999	999	62	60	0.803	0.088	0.108	1
0	0	1	1	1	0	1	1	0	70	68	0.803	0.088	0.108	1
0	1	1	1	1	0	1	1	0	54	58	0	0.992	0.008	2
0	0	0	1	1	0	1	999	999	73	63	0.541	0.009	0.449	1
0	0	0	1	1	0	1	999	999	74	77	0.541	0.009	0.449	1
0	0	0	1	1	0	1	999	999	84	85	0.541	0.009	0.449	1
0	0	0	0	1	0	0	1	0	999	999	0.139	0.007	0.854	3
0	0	0	0	0	1	1	1	1	57	49	0.371	0.02	0.609	3
0	0	0	0	0	1	1	1	1	43	38	0.371	0.02	0.609	3
0	0	0	1	0	1	1	1	1	24.5	34.5	0.806	0.015	0.179	1
0	0	0	0	0	1	1	1	1	999	999	0.371	0.02	0.609	3
0	0	0	1	1	1	1	1	1	59	45	0.959	0.011	0.03	1
0	0	0	0	0	0	1	0	0	22	22	0.023	0.002	0.976	3
0	0	0	0	0	0	1	0	0	49.5	30	0.023	0.002	0.976	3
0	0	0	0	0	0	1	0	0	24.5	44.5	0.023	0.002	0.976	3
0	0	0	0	0	0	1	0	0	57	52	0.023	0.002	0.976	3
0	0	0	0	0	0	1	0	0	39	48	0.023	0.002	0.976	3
0	0	0	0	0	0	1	0	0	46	32	0.023	0.002	0.976	3
0	0	0	1	0	0	0	1	999	42	32	0.146	0.004	0.85	3
0	0	0	1	0	0	0	0	0	57	32	0.146	0.004	0.85	3
0	0	0	0	0	0	0	0	0	62	47	0.023	0.002	0.976	3
0	0	0	0	1	0	1	1	1	42	52	0.139	0.007	0.854	3
0	0	0	0	1	0	1	1	1	57	57	0.139	0.007	0.854	3
0	0	0	0	0	0	1	0	0	47	32	0.023	0.002	0.976	3
0	0	0	0	0	0	1	0	0	12	16	0.023	0.002	0.976	3
0	0	0	1	0	0	1	0	0	13	30	0.146	0.004	0.85	3
0	0	0	0	0	0	1	0	0	24.5	24.5	0.023	0.002	0.976	3
0	0	0	0	0	0	1	0	0	57	77	0.023	0.002	0.976	3
0	0	0	1	0	0	0	0	0	32	22	0.146	0.004	0.85	3
0	0	0	1	0	0	1	0	0	75	75	0.146	0.004	0.85	3
0	0	0	0	0	0	1	0	0	44.5	64.5	0.023	0.002	0.976	3
0	0	0	1	1	0	0	0	0	52	32	0.541	0.009	0.449	1
0	0	0	0	0	0	1	0	0	68	67	0.023	0.002	0.976	3
0	0	0	0	0	0	1	1	1	42	37	0.023	0.002	0.976	3
0	0	0	0	0	0	0	0	0	79	76	0.023	0.002	0.976	3
0	0	0	0	0	0	0	0	0	67	57	0.023	0.002	0.976	3
0	0	0	0	0	0	0	0	0	75	75	0.023	0.002	0.976	3
0	0	0	0	0	0	0	0	0	57	47	0.023	0.002	0.976	3
0	0	0	0	0	0	0	0	0	69.5	69.5	0.023	0.002	0.976	3
0	0	0	0	0	0	1	1	1	15	24.5	0.023	0.002	0.976	3
0	0	0	1	0	1	1	1	1	44.5	44.5	0.806	0.015	0.179	1
0	0	0	0	0	0	0	0	0	54.5	54.5	0.023	0.002	0.976	3
0	0	0	1	0	1	1	1	1	17	17	0.806	0.015	0.179	1
0	0	0	1	1	0	1	1	1	24.5	24.5	0.541	0.009	0.449	1
1	0	0	0	0	0	1	1	1	27	27	0.037	0.073	0.889	3
0	1	0	0	0	0	0	0	0	68	51	0	0.223	0.777	3
0	0	0	0	0	0	0	0	0	68	60	0.023	0.002	0.976	3
0	0	0	0	0	0	1	1	1	24.5	34.5	0.023	0.002	0.976	3
0	0	0	0	0	0	0	0	0	81	71	0.023	0.002	0.976	3
0	1	1	1	0	0	0	0	0	24.5	24.5	0	0.967	0.033	2
0	0	0	1	0	0	0	1	1	30	30	0.146	0.004	0.85	3
0	0	0	0	0	0	0	0	0	59	62	0.023	0.002	0.976	3
0	0	0	0	0	0	0	0	0	65	73	0.023	0.002	0.976	3
0	0	0	0	0	0	0	0	0	66	70	0.023	0.002	0.976	3
0	0	0	1	0	0	0	0	0	61	64	0.146	0.004	0.85	3
0	0	0	0	0	0	1	0	0	999	999	0.023	0.002	0.976	3
0	0	0	0	0	0	0	0	0	74.5	44.5	0.023	0.002	0.976	3
0	0	0	0	0	0	0	0	0	82	67	0.023	0.002	0.976	3
0	0	0	0	0	0	0	0	0	97.5	87	0.023	0.002	0.976	3
0	0	1	1	1	0	0	0	0	74	67	0.803	0.088	0.108	1
0	0	0	0	0	0	0	0	0	92	77	0.023	0.002	0.976	3
0	0	0	0	0	0	0	0	0	97.5	77	0.023	0.002	0.976	3
0	0	0	0	0	0	0	0	0	92	67	0.023	0.002	0.976	3
0	0	0	0	1	1	0	1	999	999	999	0.789	0.027	0.184	1
0	0	0	0	1	1	0	1	999	59	58	0.789	0.027	0.184	1
0	0	0	0	1	1	0	1	0	59	56	0.789	0.027	0.184	1
0	0	0	0	1	1	0	1	0	57	37	0.789	0.027	0.184	1
0	0	0	0	0	0	0	1	1	63	54	0.023	0.002	0.976	3
0	1	1	1	0	0	1	1	1	24.5	24.5	0	0.967	0.033	2
0	0	0	1	0	0	1	0	0	30	10	0.146	0.004	0.85	3
0	0	0	1	0	0	0	0	0	24.5	24.5	0.146	0.004	0.85	3
0	0	0	0	0	0	1	1	1	17	17	0.023	0.002	0.976	3
0	0	0	0	0	0	1	1	1	24.5	24.5	0.023	0.002	0.976	3
0	0	1	0	1	0	1	1	1	63	57	0.431	0.139	0.43	1
0	0	0	1	0	0	1	1	1	54.5	44.5	0.146	0.004	0.85	3
0	0	1	1	0	1	1	1	1	37	32	0.866	0.103	0.031	1
0	0	0	0	0	0	1	1	1	24.5	5	0.023	0.002	0.976	3
0	0	0	0	0	0	1	0	0	10	10	0.023	0.002	0.976	3
0	0	0	0	0	0	1	0	0	30	10	0.023	0.002	0.976	3
0	0	0	0	0	0	1	0	0	10	24.5	0.023	0.002	0.976	3
0	0	0	0	0	0	1	0	0	10	24.5	0.023	0.002	0.976	3
0	0	0	0	0	0	1	0	0	10	10	0.023	0.002	0.976	3
0	0	0	0	0	0	1	0	0	10	10	0.023	0.002	0.976	3
0	0	0	0	0	0	0	1	1	54.5	44.5	0.023	0.002	0.976	3
0	0	0	0	0	0	1	1	1	42	27	0.023	0.002	0.976	3
0	0	0	0	0	0	1	1	1	50	44	0.023	0.002	0.976	3
0	0	0	0	0	0	0	1	999	67	57	0.023	0.002	0.976	3
0	0	0	1	0	1	1	0	0	10	10	0.806	0.015	0.179	1
0	0	0	1	0	0	1	0	0	10	10	0.146	0.004	0.85	3
0	0	0	1	0	0	0	0	0	72	57	0.146	0.004	0.85	3
0	1	0	1	1	0	0	0	0	68	66	0	0.763	0.237	2
0	0	0	1	0	0	0	1	999	51	42	0.146	0.004	0.85	3
0	0	1	0	0	0	0	0	0	10	10	0.117	0.06	0.823	3
0	1	1	0	0	0	1	1	1	69	76	0	0.92	0.08	2
1	1	1	1	0	0	1	0	0	20	18	0	0.999	0.001	2
0	0	0	0	0	0	0	0	0	77	77	0.023	0.002	0.976	3
0	0	0	0	0	0	0	0	0	999	999	0.023	0.002	0.976	3
0	0	0	0	0	0	0	0	0	12	7.5	0.023	0.002	0.976	3
0	0	0	0	0	0	0	0	0	17	17	0.023	0.002	0.976	3
0	0	0	0	0	0	0	0	0	75	75	0.023	0.002	0.976	3
0	0	0	0	0	0	1	1	1	17	12	0.023	0.002	0.976	3
0	0	0	0	1	0	0	0	0	71	66	0.139	0.007	0.854	3
0	0	0	0	1	0	0	1	0	76	76	0.139	0.007	0.854	3
0	0	0	1	1	1	0	1	0	55	63	0.959	0.011	0.03	1
0	0	0	0	1	0	0	1	1	56	62	0.139	0.007	0.854	3
0	1	0	0	1	0	0	1	0	66	70	0	0.561	0.439	2
0	1	0	0	1	0	0	1	1	52	52	0	0.561	0.439	2
0	1	1	1	1	1	0	1	1	51	55	0	1	0	2
0	0	0	0	1	0	0	1	1	57	57	0.139	0.007	0.854	3
0	0	1	1	1	1	0	1	0	57	57	0.925	0.07	0.005	1
0	0	0	0	1	0	0	1	0	67	62	0.139	0.007	0.854	3
0	0	0	0	0	0	0	0	0	30	30	0.023	0.002	0.976	3
0	0	0	0	0	0	0	0	0	82	67	0.023	0.002	0.976	3
0	0	0	0	0	0	0	0	0	34.5	34.5	0.023	0.002	0.976	3
0	0	0	1	0	0	1	1	1	31	12	0.146	0.004	0.85	3
0	0	0	0	0	0	0	0	0	10	24.5	0.023	0.002	0.976	3
0	0	0	1	1	0	0	0	0	999	999	0.541	0.009	0.449	1
0	0	0	1	1	0	0	0	0	74.5	95	0.541	0.009	0.449	1
0	0	0	0	0	0	0	0	0	57	52	0.023	0.002	0.976	3
0	0	0	1	0	0	1	1	1	37	37	0.146	0.004	0.85	3
0	0	0	0	0	0	1	1	1	22	12	0.023	0.002	0.976	3
0	0	0	0	0	0	1	1	1	42	47	0.023	0.002	0.976	3
0	0	0	0	0	0	0	1	1	37	42	0.023	0.002	0.976	3
0	0	0	0	0	0	0	1	1	47	37	0.023	0.002	0.976	3
0	0	0	0	0	0	0	1	1	57	57	0.023	0.002	0.976	3
0	0	0	0	0	0	0	0	0	83	85	0.023	0.002	0.976	3
0	0	0	0	0	0	1	1	999	76	67	0.023	0.002	0.976	3
0	0	0	0	0	0	1	0	0	64.5	54.5	0.023	0.002	0.976	3
0	0	0	1	0	0	1	1	1	24.5	15	0.146	0.004	0.85	3
0	0	0	0	0	0	0	1	1	999	999	0.023	0.002	0.976	3
0	0	0	0	0	0	1	0	0	10	10	0.023	0.002	0.976	3
0	0	0	1	0	0	1	0	0	15	15	0.146	0.004	0.85	3
0	0	0	0	0	0	1	0	0	22	47	0.023	0.002	0.976	3
0	0	0	0	0	0	1	0	0	82	87	0.023	0.002	0.976	3
0	0	0	0	0	0	1	0	0	30	10	0.023	0.002	0.976	3
0	0	0	0	0	0	1	1	1	12	17	0.023	0.002	0.976	3
0	0	0	0	0	0	0	1	0	30	10	0.023	0.002	0.976	3
0	0	0	0	0	0	1	0	0	24.5	24.5	0.023	0.002	0.976	3
0	0	0	1	0	0	0	1	999	38	33	0.146	0.004	0.85	3
0	0	0	0	0	0	1	1	1	999	999	0.023	0.002	0.976	3
0	0	0	1	0	0	0	0	0	10	24.5	0.146	0.004	0.85	3
0	0	0	0	0	0	0	0	0	24.5	24.5	0.023	0.002	0.976	3
0	0	0	0	1	0	0	0	0	24.5	999	0.139	0.007	0.854	3
0	0	0	0	1	1	0	0	0	999	999	0.789	0.027	0.184	1
0	0	0	1	0	0	0	0	0	10	10	0.146	0.004	0.85	3
0	0	0	0	0	0	1	0	0	24.5	24.5	0.023	0.002	0.976	3
0	0	0	0	1	0	1	0	0	30	10	0.139	0.007	0.854	3
0	0	0	0	0	0	0	0	0	82	72	0.023	0.002	0.976	3
0	0	0	0	0	0	0	0	0	82	76	0.023	0.002	0.976	3
0	0	0	0	1	0	0	0	0	47	42	0.139	0.007	0.854	3
0	0	0	0	1	0	0	0	0	52	42	0.139	0.007	0.854	3
0	0	0	0	1	0	1	1	1	53	44	0.139	0.007	0.854	3
0	0	0	1	0	0	1	0	0	19	18	0.146	0.004	0.85	3
0	0	0	0	0	0	0	0	0	62	77	0.023	0.002	0.976	3
0	0	0	0	0	0	0	0	0	999	999	0.023	0.002	0.976	3
0	0	0	0	0	0	1	1	1	28	36	0.023	0.002	0.976	3
0	0	0	0	0	0	1	1	1	37	47	0.023	0.002	0.976	3
0	0	0	0	0	0	1	1	1	32	38	0.023	0.002	0.976	3
0	0	0	0	0	0	1	1	1	43	33	0.023	0.002	0.976	3
0	0	0	0	0	0	1	1	0	34	32	0.023	0.002	0.976	3
0	0	0	1	0	0	0	1	1	10	10	0.146	0.004	0.85	3
0	0	0	1	0	0	0	0	0	54.5	54.5	0.146	0.004	0.85	3
0	0	0	0	0	0	0	0	0	60	36	0.023	0.002	0.976	3
0	0	0	0	0	0	0	0	0	57	57	0.023	0.002	0.976	3
0	0	0	0	0	0	0	0	0	12	12	0.023	0.002	0.976	3
0	0	0	1	0	0	0	0	0	52	47	0.146	0.004	0.85	3
0	0	0	0	0	0	0	1	1	27	22	0.023	0.002	0.976	3
0	0	0	0	0	0	1	1	1	27	22	0.023	0.002	0.976	3
0	0	0	0	0	0	1	1	1	69.5	49.5	0.023	0.002	0.976	3
0	0	0	0	0	0	0	0	0	52	42	0.023	0.002	0.976	3
0	0	0	1	0	0	0	0	0	84.5	95	0.146	0.004	0.85	3
0	0	0	1	0	0	1	1	1	55	61	0.146	0.004	0.85	3
0	0	0	1	0	0	1	1	1	75	75	0.146	0.004	0.85	3
0	0	0	1	0	0	1	1	1	44	44	0.146	0.004	0.85	3
0	0	0	0	0	0	1	999	999	24.5	24.5	0.023	0.002	0.976	3
0	0	0	0	0	0	0	1	0	999	999	0.023	0.002	0.976	3
0	0	0	1	0	0	1	1	1	22	32	0.146	0.004	0.85	3
0	0	0	1	0	0	0	0	0	10	10	0.146	0.004	0.85	3
0	1	0	0	0	0	0	0	0	77	67	0	0.223	0.777	3
0	0	0	0	0	0	1	0	0	49	67	0.023	0.002	0.976	3
0	0	0	0	0	0	1	1	1	5	5	0.023	0.002	0.976	3
0	0	0	0	0	0	0	1	1	15	5	0.023	0.002	0.976	3
0	0	0	0	0	0	1	1	1	27	17	0.023	0.002	0.976	3
0	0	0	0	0	0	1	1	1	5	5	0.023	0.002	0.976	3
0	0	0	0	0	0	1	1	1	12	12	0.023	0.002	0.976	3
0	0	0	0	0	0	1	0	0	63	62	0.023	0.002	0.976	3
1	1	1	1	1	0	0	0	0	70	68	0	1	0	2
0	0	0	0	0	0	1	1	1	7.5	2.5	0.023	0.002	0.976	3
0	0	0	0	0	0	1	0	0	57	57	0.023	0.002	0.976	3
0	0	0	0	0	0	1	1	1	40	39	0.023	0.002	0.976	3
0	0	1	1	0	0	0	0	0	67	47	0.471	0.081	0.447	1
0	0	0	1	1	0	0	0	0	84	79	0.541	0.009	0.449	1
0	0	0	0	0	0	1	0	0	42	32	0.023	0.002	0.976	3
0	0	0	0	0	0	1	0	0	52	37	0.023	0.002	0.976	3
0	0	0	0	0	0	0	0	0	57	42	0.023	0.002	0.976	3
0	0	0	0	0	0	1	1	1	28	21	0.023	0.002	0.976	3
0	0	0	1	1	0	1	0	0	66	55	0.541	0.009	0.449	1
0	0	0	1	1	0	1	0	0	72	72	0.541	0.009	0.449	1
0	0	0	0	0	0	1	1	1	5	5	0.023	0.002	0.976	3
0	0	0	1	0	0	1	1	1	17	17	0.146	0.004	0.85	3
0	0	0	0	0	0	1	1	1	23	27	0.023	0.002	0.976	3
0	0	0	0	0	0	1	1	1	27	32	0.023	0.002	0.976	3
0	0	0	0	0	0	1	999	999	24.5	24.5	0.023	0.002	0.976	3
0	0	0	0	0	0	1	999	999	57	42	0.023	0.002	0.976	3
1	0	0	1	0	0	1	0	0	30	69.5	0.205	0.136	0.659	3
0	0	0	1	0	0	1	0	0	57	58	0.146	0.004	0.85	3
0	0	0	1	0	0	1	0	0	75	24.5	0.146	0.004	0.85	3
0	0	0	1	0	0	0	0	0	999	999	0.146	0.004	0.85	3
0	1	1	1	1	0	1	0	0	57	45	0	0.992	0.008	2
0	0	0	0	0	0	0	0	0	42	42	0.023	0.002	0.976	3
0	0	0	0	1	0	1	0	0	8	6	0.139	0.007	0.854	3
0	0	0	1	1	0	0	0	0	17	12	0.541	0.009	0.449	1
0	0	0	0	0	0	0	0	0	49.5	30	0.023	0.002	0.976	3
0	0	0	0	0	0	0	0	0	44.5	15	0.023	0.002	0.976	3
0	0	0	0	0	0	0	1	1	24.5	24.5	0.023	0.002	0.976	3
0	0	0	0	0	0	0	1	1	24.5	24.5	0.023	0.002	0.976	3
0	0	0	0	0	0	1	1	1	66	64	0.023	0.002	0.976	3
0	0	0	0	0	0	1	1	1	10	24.5	0.023	0.002	0.976	3
0	0	0	0	0	0	0	1	1	69.5	49.5	0.023	0.002	0.976	3
0	0	0	1	0	0	0	1	1	10	10	0.146	0.004	0.85	3
0	0	0	0	0	0	0	0	0	24.5	24.5	0.023	0.002	0.976	3
0	0	0	0	0	0	1	1	1	57	62	0.023	0.002	0.976	3
0	0	0	1	0	0	1	0	0	38	43	0.146	0.004	0.85	3
0	0	1	1	1	0	0	1	1	74	72	0.803	0.088	0.108	1
0	1	0	0	0	0	1	1	1	25	28	0	0.223	0.777	3
0	0	0	0	0	0	1	1	1	24	28	0.023	0.002	0.976	3
0	0	0	0	0	0	1	1	1	32	22	0.023	0.002	0.976	3
0	0	0	0	0	0	1	1	0	17	27	0.023	0.002	0.976	3
0	0	0	0	0	0	0	0	0	49.5	10	0.023	0.002	0.976	3
0	1	1	0	0	1	1	1	1	15	15	0	0.995	0.005	2
0	0	0	0	0	0	1	1	1	38	34	0.023	0.002	0.976	3
0	0	0	0	0	0	1	0	0	27	17	0.023	0.002	0.976	3
0	0	0	0	0	1	1	0	0	17	11	0.371	0.02	0.609	3
0	0	0	0	0	0	1	0	0	999	999	0.023	0.002	0.976	3
0	0	0	0	0	0	1	0	0	52	60	0.023	0.002	0.976	3
0	0	0	1	1	1	1	0	0	17	22	0.959	0.011	0.03	1
0	0	0	1	0	0	1	0	0	38	35	0.146	0.004	0.85	3
0	0	0	0	0	0	1	0	0	30	27	0.023	0.002	0.976	3
0	0	0	0	0	0	1	0	0	23	18	0.023	0.002	0.976	3
0	0	0	1	0	1	1	0	0	38	32	0.806	0.015	0.179	1
0	0	0	1	0	0	1	0	0	44	36	0.146	0.004	0.85	3
0	0	0	1	0	1	1	0	0	39	42	0.806	0.015	0.179	1
0	0	0	0	0	0	0	1	1	22	17	0.023	0.002	0.976	3
0	0	0	1	0	0	1	1	1	61	41	0.146	0.004	0.85	3
0	0	0	0	0	0	0	0	0	24.5	24.5	0.023	0.002	0.976	3
0	0	0	1	0	0	0	0	0	24.5	24.5	0.146	0.004	0.85	3
0	0	0	1	0	0	0	0	0	999	999	0.146	0.004	0.85	3
0	0	0	1	0	0	0	0	0	34.5	24.5	0.146	0.004	0.85	3
0	0	0	1	0	0	0	0	0	999	999	0.146	0.004	0.85	3
0	0	0	0	0	0	0	0	0	24.5	24.5	0.023	0.002	0.976	3
0	0	0	1	0	0	0	0	0	30	30	0.146	0.004	0.85	3
0	0	0	1	1	0	0	1	0	24.5	24.5	0.541	0.009	0.449	1
0	0	0	1	1	0	0	1	999	10	10	0.541	0.009	0.449	1
0	0	0	0	1	0	0	0	0	77	57	0.139	0.007	0.854	3
0	0	0	1	0	0	1	1	1	22	32	0.146	0.004	0.85	3
0	0	0	0	0	0	1	1	1	55	44	0.023	0.002	0.976	3
0	0	0	0	0	0	1	1	1	999	999	0.023	0.002	0.976	3
0	0	0	1	0	0	0	0	0	10	10	0.146	0.004	0.85	3
0	0	0	999	999	999	999	999	999	999	999	0.236	0.006	0.758	3
0	0	0	0	0	0	0	0	0	10	10	0.023	0.002	0.976	3
0	0	0	0	0	0	0	0	0	67	47	0.023	0.002	0.976	3
0	0	0	0	1	0	1	1	1	47	52	0.139	0.007	0.854	3
0	1	0	1	0	1	0	0	0	41	30	0	0.928	0.072	2
0	1	0	0	0	0	0	0	0	42	37	0	0.223	0.777	3
0	0	0	0	0	0	0	0	0	74.5	64.5	0.023	0.002	0.976	3
0	0	0	0	0	0	0	0	0	74.5	64.5	0.023	0.002	0.976	3
0	0	0	1	1	0	0	0	0	36	29	0.541	0.009	0.449	1
0	0	0	1	0	0	0	0	0	27	12	0.146	0.004	0.85	3
0	0	0	0	0	0	1	0	0	999	999	0.023	0.002	0.976	3
0	0	0	0	0	0	1	1	1	52	67	0.023	0.002	0.976	3
0	0	0	1	1	0	1	1	1	61	57	0.541	0.009	0.449	1
0	0	0	0	0	0	1	1	1	37	22	0.023	0.002	0.976	3
0	0	0	0	0	0	1	1	1	32	32	0.023	0.002	0.976	3
0	0	0	0	0	0	0	0	0	999	999	0.023	0.002	0.976	3
0	0	0	0	1	0	1	1	1	32	37	0.139	0.007	0.854	3
0	0	0	1	0	0	1	1	1	15	5	0.146	0.004	0.85	3
0	0	1	0	0	0	1	1	1	15	15	0.117	0.06	0.823	3
0	0	1	1	0	1	1	1	1	12	12	0.866	0.103	0.031	1
0	0	0	0	0	0	1	1	1	12	7.5	0.023	0.002	0.976	3
0	0	0	0	0	1	1	1	1	27	27	0.371	0.02	0.609	3
0	0	0	0	0	0	1	0	0	12	17	0.023	0.002	0.976	3
0	0	0	0	0	0	1	1	1	15	5	0.023	0.002	0.976	3
0	0	0	0	0	0	0	0	0	87	87	0.023	0.002	0.976	3
0	0	0	1	0	0	1	1	1	38	40	0.146	0.004	0.85	3
0	0	0	1	0	0	1	1	1	40	45	0.146	0.004	0.85	3
0	0	0	0	0	0	1	1	1	18	17	0.023	0.002	0.976	3
0	0	0	0	0	0	0	1	1	30	24.5	0.023	0.002	0.976	3
0	0	0	1	0	0	0	1	1	30	30	0.146	0.004	0.85	3
0	0	0	1	0	0	0	1	1	30	49.5	0.146	0.004	0.85	3
1	0	1	0	0	0	0	0	0	52	32	0.057	0.724	0.22	2
0	0	0	1	0	0	1	0	0	15	15	0.146	0.004	0.85	3
0	0	0	1	0	0	1	0	0	24.5	24.5	0.146	0.004	0.85	3
0	0	0	0	0	0	1	0	0	68	69	0.023	0.002	0.976	3
0	0	0	0	0	0	1	1	1	44.5	44.5	0.023	0.002	0.976	3
0	0	0	0	0	0	1	1	1	24.5	24.5	0.023	0.002	0.976	3
0	0	0	0	0	0	1	1	1	22	17	0.023	0.002	0.976	3
0	0	0	0	0	0	1	1	1	12	12	0.023	0.002	0.976	3
0	0	0	0	0	0	1	1	1	37	22	0.023	0.002	0.976	3
0	0	0	0	0	0	1	1	1	48	44	0.023	0.002	0.976	3
0	0	0	0	0	0	1	1	1	26	35	0.023	0.002	0.976	3
0	0	0	0	0	0	1	1	1	42	32	0.023	0.002	0.976	3
0	0	0	0	0	0	0	1	1	37	22	0.023	0.002	0.976	3
0	0	0	0	0	0	0	1	0	999	999	0.023	0.002	0.976	3
0	0	0	1	0	0	1	1	1	30	5	0.146	0.004	0.85	3
0	0	0	0	0	0	1	1	1	22	12	0.023	0.002	0.976	3
0	0	0	0	0	1	1	1	1	17	12	0.371	0.02	0.609	3
0	0	0	0	0	0	1	0	0	12	7.5	0.023	0.002	0.976	3
0	0	0	0	0	0	1	1	1	10	24.5	0.023	0.002	0.976	3
0	0	1	0	0	1	1	0	0	15	15	0.619	0.216	0.165	1
0	0	0	1	0	0	1	0	0	12	17	0.146	0.004	0.85	3
0	0	0	0	0	0	0	0	0	999	999	0.023	0.002	0.976	3
0	0	0	0	1	0	1	0	0	24.5	24.5	0.139	0.007	0.854	3
0	0	0	0	0	0	0	0	0	10	10	0.023	0.002	0.976	3
0	0	0	0	0	0	1	1	1	52	62	0.023	0.002	0.976	3
0	0	0	0	0	0	1	1	999	62	72	0.023	0.002	0.976	3
0	0	0	0	0	0	1	1	1	47	47	0.023	0.002	0.976	3
0	0	0	0	0	0	0	1	999	44.5	15	0.023	0.002	0.976	3
0	0	0	0	0	0	1	1	1	64.5	44.5	0.023	0.002	0.976	3
0	0	0	0	0	0	1	1	1	62	52	0.023	0.002	0.976	3
0	0	0	0	0	0	0	1	999	77	62	0.023	0.002	0.976	3
0	0	0	0	0	0	1	1	1	47	42	0.023	0.002	0.976	3
0	0	0	0	0	0	1	1	1	27	17	0.023	0.002	0.976	3
0	0	0	0	0	0	1	1	1	32	27	0.023	0.002	0.976	3
0	0	0	1	0	0	0	1	1	999	999	0.146	0.004	0.85	3
0	0	0	1	0	0	0	1	1	22	32	0.146	0.004	0.85	3
0	0	0	1	0	0	1	0	0	15	5	0.146	0.004	0.85	3
0	0	0	0	0	0	1	0	0	75	64	0.023	0.002	0.976	3
0	0	0	1	0	0	1	1	1	44.5	54.5	0.146	0.004	0.85	3
0	0	0	0	0	0	0	1	0	52	42	0.023	0.002	0.976	3
0	0	0	0	0	0	1	1	1	52	42	0.023	0.002	0.976	3
0	0	0	1	999	0	1	0	0	72	52	0.334	0.006	0.66	3
0	0	1	0	0	0	1	0	0	53	52	0.117	0.06	0.823	3
0	0	1	0	0	0	1	0	0	67	72	0.117	0.06	0.823	3
0	0	0	1	0	0	0	1	1	30	10	0.146	0.004	0.85	3
0	0	0	0	0	0	1	1	999	52	50	0.023	0.002	0.976	3
0	0	0	0	0	0	1	0	0	67	62	0.023	0.002	0.976	3
0	0	0	0	1	0	0	0	0	999	999	0.139	0.007	0.854	3
0	0	0	1	0	1	0	0	0	999	999	0.806	0.015	0.179	1
0	0	0	1	0	0	1	0	0	999	999	0.146	0.004	0.85	3
0	0	0	0	0	0	0	0	0	15	24.5	0.023	0.002	0.976	3
0	0	0	0	0	0	1	1	999	65	66	0.023	0.002	0.976	3
0	0	1	0	0	0	1	1	1	48	51	0.117	0.06	0.823	3
0	0	0	0	0	0	0	0	0	69.5	69.5	0.023	0.002	0.976	3
0	0	0	1	0	0	0	1	1	48	27	0.146	0.004	0.85	3
0	0	0	0	0	0	0	1	1	36	40	0.023	0.002	0.976	3
0	0	1	1	0	0	0	0	0	43	25	0.471	0.081	0.447	1
0	0	0	1	0	0	0	0	0	23	16	0.146	0.004	0.85	3
0	0	0	0	0	0	1	1	1	23	21	0.023	0.002	0.976	3
0	0	0	0	0	0	0	1	1	37	22	0.023	0.002	0.976	3
0	1	1	1	0	0	0	0	0	72	73	0	0.967	0.033	2
0	0	0	0	0	0	1	1	999	47	44	0.023	0.002	0.976	3
0	0	1	0	0	0	1	1	1	42	42	0.117	0.06	0.823	3
0	0	0	1	1	0	1	1	1	32	32	0.541	0.009	0.449	1
0	0	0	0	0	0	1	1	1	25	27	0.023	0.002	0.976	3
0	0	0	0	0	0	1	1	1	999	999	0.023	0.002	0.976	3
0	0	1	0	0	0	1	1	1	37	47	0.117	0.06	0.823	3
0	0	0	0	0	0	0	0	0	49.5	30	0.023	0.002	0.976	3
1	0	1	1	1	1	1	1	1	43	54	0.345	0.654	0.001	2
1	1	1	1	1	1	1	1	0	59	60	0	1	0	2
1	0	1	1	1	1	1	1	1	37	57	0.345	0.654	0.001	2
0	1	1	1	1	1	1	1	0	52	55	0	1	0	2
0	0	0	0	1	1	0	0	0	24.5	24.5	0.789	0.027	0.184	1
1	1	1	1	1	0	0	1	1	2.5	2.5	0	1	0	2
0	0	0	0	1	0	0	1	1	10	10	0.139	0.007	0.854	3
0	0	0	1	1	0	0	1	1	5	15	0.541	0.009	0.449	1
0	0	0	0	0	0	1	1	1	37	47	0.023	0.002	0.976	3
0	0	0	0	0	0	0	999	999	999	999	0.023	0.002	0.976	3
0	1	0	0	0	1	1	0	0	27	27	0	0.838	0.162	2
0	1	1	0	0	1	1	0	0	999	999	0	0.995	0.005	2
0	0	0	1	1	0	1	0	0	27	31	0.541	0.009	0.449	1
0	0	0	1	1	0	1	0	0	21	22	0.541	0.009	0.449	1
0	0	1	1	1	0	1	0	0	37	37	0.803	0.088	0.108	1
0	0	0	1	1	0	1	0	0	22	22	0.541	0.009	0.449	1
0	0	0	1	1	0	1	0	0	19	19	0.541	0.009	0.449	1
1	1	0	1	1	0	1	0	0	20	18	0	0.993	0.007	2
0	0	0	1	1	0	1	0	0	31	34	0.541	0.009	0.449	1
0	0	0	1	1	0	1	0	0	20	25	0.541	0.009	0.449	1
0	1	1	1	1	0	1	0	0	999	999	0	0.992	0.008	2
0	0	0	1	0	0	1	0	0	82	89	0.146	0.004	0.85	3
1	1	1	1	1	0	1	0	0	999	999	0	1	0	2
0	0	0	1	1	0	1	0	0	28	35	0.541	0.009	0.449	1
0	0	1	1	1	0	1	0	0	21	24	0.803	0.088	0.108	1
0	1	1	1	1	0	1	0	0	27	30	0	0.992	0.008	2
0	1	0	1	0	0	0	0	0	91	93	0	0.419	0.581	3
0	0	0	0	0	0	1	1	999	52	62	0.023	0.002	0.976	3
0	0	1	0	0	0	1	1	999	40	43	0.117	0.06	0.823	3
0	0	0	0	0	1	1	1	1	69.5	69.5	0.371	0.02	0.609	3
0	0	0	0	0	0	0	0	0	57	32	0.023	0.002	0.976	3
0	0	0	0	0	1	1	1	1	17	22	0.371	0.02	0.609	3
0	1	0	0	0	1	1	1	1	32	37	0	0.838	0.162	2
0	0	0	1	0	0	0	0	0	999	999	0.146	0.004	0.85	3
0	0	0	1	0	0	0	0	0	12	7.5	0.146	0.004	0.85	3
0	0	0	1	0	0	0	0	0	999	999	0.146	0.004	0.85	3
0	0	0	1	0	0	0	0	0	999	999	0.146	0.004	0.85	3
0	0	0	0	0	0	0	0	0	74.5	54.5	0.023	0.002	0.976	3
0	1	0	0	1	0	1	1	1	32	17	0	0.561	0.439	2
0	0	0	0	0	0	0	0	0	15	15	0.023	0.002	0.976	3
0	0	0	0	0	0	0	0	0	30	10	0.023	0.002	0.976	3
0	0	0	1	0	0	0	0	0	15	5	0.146	0.004	0.85	3
0	0	0	1	0	0	0	0	0	42	37	0.146	0.004	0.85	3
0	0	0	0	0	0	1	1	1	47	27	0.023	0.002	0.976	3
0	0	0	0	0	0	1	1	0	71	75	0.023	0.002	0.976	3
0	0	0	0	0	0	1	1	1	67	67	0.023	0.002	0.976	3
0	0	0	0	0	0	1	1	0	62	52	0.023	0.002	0.976	3
0	0	0	1	0	0	1	0	0	5	5	0.146	0.004	0.85	3
0	0	0	1	0	0	1	0	0	24.5	10	0.146	0.004	0.85	3
0	0	0	0	0	0	1	1	1	7.5	2.5	0.023	0.002	0.976	3
0	0	0	0	0	0	1	0	0	34.5	24.5	0.023	0.002	0.976	3
0	0	0	0	0	0	1	0	0	46	47	0.023	0.002	0.976	3
0	0	0	0	0	0	1	0	0	10	10	0.023	0.002	0.976	3
0	0	0	0	0	0	1	1	1	42	27	0.023	0.002	0.976	3
0	0	0	0	0	0	1	1	1	74.5	54.5	0.023	0.002	0.976	3
1	1	0	1	0	0	0	0	0	65	67	0	0.97	0.03	2
0	0	0	0	0	0	0	1	1	10	10	0.023	0.002	0.976	3
1	0	1	1	1	0	1	1	1	24	17	0.261	0.719	0.019	2
0	0	1	1	1	0	1	1	1	51	48	0.803	0.088	0.108	1
0	0	0	0	0	0	1	1	1	42	42	0.023	0.002	0.976	3
0	0	0	0	0	0	1	1	1	25	27	0.023	0.002	0.976	3
0	1	1	0	1	0	1	1	1	42	37	0	0.981	0.019	2
0	0	1	0	1	0	1	1	1	27	12	0.431	0.139	0.43	1
0	1	0	0	1	0	1	1	1	31	27	0	0.561	0.439	2
0	0	1	1	0	0	1	1	0	53	50	0.471	0.081	0.447	1
0	0	0	0	1	0	1	1	1	57	59	0.139	0.007	0.854	3
0	0	0	0	1	0	1	1	1	10	10	0.139	0.007	0.854	3
0	1	0	0	1	0	1	1	0	74	64	0	0.561	0.439	2
0	0	1	1	1	1	1	1	1	22	17	0.925	0.07	0.005	1
0	0	0	1	1	1	1	1	0	62	62	0.959	0.011	0.03	1
0	1	0	1	1	0	1	1	0	62	60	0	0.763	0.237	2
0	0	1	0	1	0	1	1	1	62	57	0.431	0.139	0.43	1
0	0	0	0	0	0	1	1	1	39	40	0.023	0.002	0.976	3
0	0	1	0	1	0	1	1	0	62	57	0.431	0.139	0.43	1
0	0	1	1	1	0	1	1	1	33	27	0.803	0.088	0.108	1
0	0	0	0	1	0	1	1	0	72	75	0.139	0.007	0.854	3
0	0	0	1	1	1	1	1	0	60	57	0.959	0.011	0.03	1
0	0	0	1	0	0	0	1	0	24.5	24.5	0.146	0.004	0.85	3
0	0	0	0	1	0	1	999	999	77	72	0.139	0.007	0.854	3
0	0	0	1	1	0	1	1	1	24.5	24.5	0.541	0.009	0.449	1
0	0	0	0	0	0	1	999	999	999	999	0.023	0.002	0.976	3
0	0	0	0	1	0	0	1	999	68	71	0.139	0.007	0.854	3
1	0	0	1	1	0	0	0	0	63	56	0.532	0.225	0.243	1
0	0	0	0	1	0	0	0	0	64	58	0.139	0.007	0.854	3
0	0	0	0	0	0	0	0	0	74	81	0.023	0.002	0.976	3
0	0	0	0	0	0	1	0	0	27	22	0.023	0.002	0.976	3
0	0	0	0	0	0	0	0	0	999	999	0.023	0.002	0.976	3
0	0	0	0	0	0	1	0	0	24.5	24.5	0.023	0.002	0.976	3
0	0	0	0	0	0	1	1	1	25	22	0.023	0.002	0.976	3
0	0	0	0	0	0	0	0	0	47	42	0.023	0.002	0.976	3
0	0	0	0	0	0	0	0	0	999	999	0.023	0.002	0.976	3
0	0	0	0	0	0	1	1	1	22	26	0.023	0.002	0.976	3
1	1	1	0	0	0	0	0	0	62	64	0	0.998	0.002	2
0	0	0	1	0	0	0	0	0	80	82	0.146	0.004	0.85	3
0	0	0	1	0	0	0	0	0	76	74	0.146	0.004	0.85	3
0	1	0	0	0	0	1	1	1	39	39	0	0.223	0.777	3
0	0	0	1	0	0	1	1	1	47	52	0.146	0.004	0.85	3
0	0	0	0	0	0	1	1	1	39	33	0.023	0.002	0.976	3
0	0	0	0	0	0	1	1	1	17	17	0.023	0.002	0.976	3
0	0	0	1	0	0	1	0	0	23	15	0.146	0.004	0.85	3
0	0	0	1	0	0	1	1	999	47	47	0.146	0.004	0.85	3
0	0	0	0	0	0	0	0	0	49.5	49.5	0.023	0.002	0.976	3
0	0	0	999	999	999	999	999	999	999	999	0.236	0.006	0.758	3
0	0	0	0	0	0	1	0	0	50	52	0.023	0.002	0.976	3
0	0	0	1	0	0	0	0	0	54	46	0.146	0.004	0.85	3
0	0	0	0	0	0	1	0	0	32	22	0.023	0.002	0.976	3
0	0	0	0	0	0	1	0	0	72	79	0.023	0.002	0.976	3
0	0	0	1	0	0	1	1	1	50	51	0.146	0.004	0.85	3
0	0	0	0	0	0	1	1	1	52	54	0.023	0.002	0.976	3
0	0	0	1	999	0	0	0	0	84.5	74.5	0.334	0.006	0.66	3
0	0	0	1	0	0	1	1	1	42	62	0.146	0.004	0.85	3
0	0	0	0	0	0	1	1	1	12	12	0.023	0.002	0.976	3
0	0	0	0	0	0	1	1	1	20	20	0.023	0.002	0.976	3
0	0	0	1	0	0	1	1	1	17	22	0.146	0.004	0.85	3
0	0	0	0	0	0	1	0	0	25	32	0.023	0.002	0.976	3
0	0	0	0	0	0	1	1	1	27	17	0.023	0.002	0.976	3
0	1	1	1	0	0	1	0	0	25	27	0	0.967	0.033	2
1	0	0	1	1	0	1	0	0	34	32	0.532	0.225	0.243	1
0	0	0	1	0	0	1	0	0	42	37	0.146	0.004	0.85	3
0	0	1	1	1	0	1	0	0	38	34	0.803	0.088	0.108	1
0	0	1	1	1	0	1	0	0	41	37	0.803	0.088	0.108	1
0	0	0	0	0	0	0	0	0	999	999	0.023	0.002	0.976	3
0	0	0	0	0	0	1	1	1	17	22	0.023	0.002	0.976	3
0	0	0	0	1	0	1	1	1	42	44	0.139	0.007	0.854	3
0	0	0	0	0	0	1	1	1	37	37	0.023	0.002	0.976	3
0	0	0	0	0	0	1	0	0	22	22	0.023	0.002	0.976	3
0	0	0	0	0	0	1	0	0	50	45	0.023	0.002	0.976	3
0	0	0	0	0	0	1	0	0	37	41	0.023	0.002	0.976	3
0	0	0	0	0	0	1	1	1	57	57	0.023	0.002	0.976	3
0	0	0	0	0	0	0	0	0	45	47	0.023	0.002	0.976	3
0	0	0	0	0	0	0	0	0	68	56	0.023	0.002	0.976	3
0	0	0	1	0	0	0	0	0	51	44	0.146	0.004	0.85	3
0	0	0	0	0	0	0	0	0	55	50	0.023	0.002	0.976	3
0	0	0	0	0	0	1	1	1	2.5	7.5	0.023	0.002	0.976	3
0	0	0	1	0	0	1	1	1	37	42	0.146	0.004	0.85	3
0	0	1	0	0	0	1	1	999	43	27	0.117	0.06	0.823	3
0	0	0	0	0	0	1	1	1	51	31	0.023	0.002	0.976	3
0	0	1	0	0	0	1	0	0	79	84	0.117	0.06	0.823	3
0	0	0	0	0	0	1	0	0	77	57	0.023	0.002	0.976	3
0	0	1	1	0	0	1	0	0	47	52	0.471	0.081	0.447	1
0	0	0	1	0	0	1	1	1	42	42	0.146	0.004	0.85	3
0	0	0	999	999	999	999	999	999	999	999	0.236	0.006	0.758	3
0	0	0	999	999	999	999	999	999	999	999	0.236	0.006	0.758	3
0	0	0	999	999	999	999	999	999	999	999	0.236	0.006	0.758	3
0	0	0	999	999	999	999	999	999	999	999	0.236	0.006	0.758	3
0	0	0	999	999	999	999	999	999	999	999	0.236	0.006	0.758	3
0	0	0	999	999	999	999	999	999	999	999	0.236	0.006	0.758	3
0	0	0	999	999	999	999	999	999	999	999	0.236	0.006	0.758	3
0	0	0	1	0	0	1	1	1	24.5	24.5	0.146	0.004	0.85	3
0	0	1	0	0	0	1	1	1	22	17	0.117	0.06	0.823	3
0	0	0	0	0	0	0	1	1	10	10	0.023	0.002	0.976	3
0	0	0	0	0	0	0	1	1	17	22	0.023	0.002	0.976	3
0	0	0	0	0	0	1	1	1	10	10	0.023	0.002	0.976	3
0	0	0	1	0	0	0	0	0	93	93	0.146	0.004	0.85	3
0	0	1	0	0	0	0	0	0	77	75	0.117	0.06	0.823	3
0	0	0	1	0	0	0	0	0	47	27	0.146	0.004	0.85	3
0	0	0	1	0	0	1	1	1	5	5	0.146	0.004	0.85	3
0	0	0	0	0	0	1	0	0	37	47	0.023	0.002	0.976	3
0	0	1	0	0	0	1	1	1	52	44.5	0.117	0.06	0.823	3
0	0	0	0	0	0	1	1	1	48	51	0.023	0.002	0.976	3
0	0	0	0	1	0	1	0	0	30	30	0.139	0.007	0.854	3
0	0	0	1	1	0	0	0	0	15	10	0.541	0.009	0.449	1
0	0	0	1	1	0	0	0	0	24.5	24.5	0.541	0.009	0.449	1
0	0	0	0	0	0	0	0	0	77	92	0.023	0.002	0.976	3
0	0	0	1	0	0	0	0	0	88	90	0.146	0.004	0.85	3
0	0	1	1	0	0	0	0	0	91	95	0.471	0.081	0.447	1
0	0	0	1	0	0	0	0	0	84	84	0.146	0.004	0.85	3
0	0	0	0	0	1	0	0	0	70	74	0.371	0.02	0.609	3
0	0	0	0	0	0	0	0	0	71	72	0.023	0.002	0.976	3
0	0	0	0	0	0	0	0	0	78	87	0.023	0.002	0.976	3
0	0	0	0	0	0	0	0	0	64.5	64.5	0.023	0.002	0.976	3
0	0	0	0	0	0	0	0	0	12	2.5	0.023	0.002	0.976	3
0	0	0	0	0	0	1	1	1	32	37	0.023	0.002	0.976	3
0	0	0	0	0	0	0	0	0	84	83	0.023	0.002	0.976	3
0	0	0	0	1	0	0	1	999	73	68	0.139	0.007	0.854	3
0	1	1	1	0	0	0	0	0	90	92	0	0.967	0.033	2
0	0	0	0	0	0	0	1	1	47	22	0.023	0.002	0.976	3
0	0	0	0	0	0	1	1	1	50	36	0.023	0.002	0.976	3
0	0	0	0	0	0	1	1	1	28	15	0.023	0.002	0.976	3
0	0	0	0	1	0	0	1	1	67	71	0.139	0.007	0.854	3
0	0	0	0	0	0	1	0	0	54.5	34.5	0.023	0.002	0.976	3
1	1	0	0	0	0	1	1	1	27	27	0	0.929	0.071	2
0	0	0	0	0	0	0	0	0	72	72	0.023	0.002	0.976	3
0	0	0	0	0	0	0	0	0	69	59	0.023	0.002	0.976	3
0	0	0	1	0	0	1	1	1	67	62	0.146	0.004	0.85	3
0	0	0	0	0	0	1	1	1	32	32	0.023	0.002	0.976	3
0	0	0	0	0	0	0	0	0	10	10	0.023	0.002	0.976	3
0	0	0	0	1	0	0	1	999	77	74	0.139	0.007	0.854	3
0	0	0	1	0	1	0	0	0	72	77	0.806	0.015	0.179	1
0	0	0	1	0	0	1	1	1	47	62	0.146	0.004	0.85	3
0	0	0	1	0	1	0	0	0	72	77	0.806	0.015	0.179	1
0	0	0	1	0	0	0	0	0	71	68	0.146	0.004	0.85	3
1	1	1	0	0	0	1	1	1	49.5	30	0	0.998	0.002	2
0	0	0	1	0	0	1	1	1	48	28	0.146	0.004	0.85	3
0	0	0	1	0	0	1	0	0	51	46	0.146	0.004	0.85	3
0	0	0	0	0	0	0	0	0	74	79	0.023	0.002	0.976	3
1	1	1	0	0	0	0	0	0	62	52	0	0.998	0.002	2
0	0	0	0	1	0	0	0	0	32	27	0.139	0.007	0.854	3
0	0	0	0	0	0	1	1	1	24.5	24.5	0.023	0.002	0.976	3
0	0	0	0	1	0	0	1	1	51	41	0.139	0.007	0.854	3
0	0	0	0	0	0	1	0	0	10	10	0.023	0.002	0.976	3
0	0	0	0	0	0	0	0	0	58	62	0.023	0.002	0.976	3
0	1	0	0	0	0	1	1	1	33	41	0	0.223	0.777	3
0	0	0	0	0	0	1	0	0	27	22	0.023	0.002	0.976	3
0	0	0	0	0	0	1	1	1	21	42	0.023	0.002	0.976	3
0	0	0	0	0	0	1	1	1	28	24	0.023	0.002	0.976	3
0	0	0	1	0	0	0	0	0	84	88	0.146	0.004	0.85	3
0	0	0	0	0	0	0	0	0	74.5	84.5	0.023	0.002	0.976	3
0	0	0	1	0	0	1	0	0	15	5	0.146	0.004	0.85	3
0	0	1	0	0	0	0	0	0	71	76	0.117	0.06	0.823	3
0	1	0	0	0	0	1	1	1	24.5	24.5	0	0.223	0.777	3
0	0	0	1	0	1	0	0	0	72	67	0.806	0.015	0.179	1
0	0	0	0	0	0	1	0	0	35	25	0.023	0.002	0.976	3
0	1	0	0	0	0	0	0	0	67	66	0	0.223	0.777	3
0	0	0	0	0	0	1	1	1	62	62	0.023	0.002	0.976	3
0	0	0	0	0	0	1	1	1	49.5	49.5	0.023	0.002	0.976	3
0	0	0	0	0	0	0	0	0	76	80	0.023	0.002	0.976	3
0	0	0	0	0	0	1	0	0	24.5	24.5	0.023	0.002	0.976	3
0	0	0	1	0	0	1	1	1	39	44	0.146	0.004	0.85	3
0	0	0	0	0	0	1	1	1	32	43	0.023	0.002	0.976	3
0	0	0	0	1	0	0	1	1	64	59	0.139	0.007	0.854	3
0	0	0	0	0	0	1	1	1	32	37	0.023	0.002	0.976	3
0	0	0	0	0	0	1	1	1	22	12	0.023	0.002	0.976	3
1	0	0	1	0	0	1	1	1	47	53	0.205	0.136	0.659	3
0	0	1	1	0	0	0	0	0	82	91	0.471	0.081	0.447	1
0	0	0	1	0	0	0	0	0	84	86	0.146	0.004	0.85	3
0	0	0	0	1	0	0	1	999	76	75	0.139	0.007	0.854	3
0	0	0	1	0	0	0	0	0	66	69	0.146	0.004	0.85	3
0	0	0	1	0	0	0	0	0	84.5	64.5	0.146	0.004	0.85	3
0	0	0	1	0	0	0	0	0	78	83	0.146	0.004	0.85	3
0	0	0	0	1	0	1	1	1	51	39	0.139	0.007	0.854	3
0	0	0	0	0	0	0	0	0	88	87	0.023	0.002	0.976	3
0	0	0	0	0	0	1	1	1	5	5	0.023	0.002	0.976	3
0	0	0	1	1	0	1	1	1	82	77	0.541	0.009	0.449	1
0	0	0	0	0	0	1	1	1	72	82	0.023	0.002	0.976	3
0	0	0	0	0	0	0	1	1	75	75	0.023	0.002	0.976	3
0	0	0	0	0	0	0	1	1	62	52	0.023	0.002	0.976	3
0	0	0	0	0	0	0	0	0	68	65	0.023	0.002	0.976	3
0	0	0	1	0	0	1	1	1	32	47	0.146	0.004	0.85	3
0	0	0	0	0	0	0	1	1	5	15	0.023	0.002	0.976	3
0	0	0	0	0	0	0	999	999	32	32	0.023	0.002	0.976	3
0	0	0	0	0	0	1	1	1	34.5	34.5	0.023	0.002	0.976	3
0	0	0	0	0	0	1	1	1	999	999	0.023	0.002	0.976	3
0	0	0	0	0	0	1	1	1	27	37	0.023	0.002	0.976	3
0	0	0	0	0	0	0	0	0	69.5	69.5	0.023	0.002	0.976	3
0	1	1	0	0	0	0	0	0	55	54	0	0.92	0.08	2
0	0	0	1	1	0	0	0	0	85	70	0.541	0.009	0.449	1
0	0	0	0	0	0	0	0	0	49	40	0.023	0.002	0.976	3
0	0	1	1	0	0	1	0	0	35	34	0.471	0.081	0.447	1
1	1	0	0	0	0	0	0	0	83	83	0	0.929	0.071	2
0	1	0	0	0	0	0	0	0	47	42	0	0.223	0.777	3
0	0	0	0	1	0	0	1	999	69	67	0.139	0.007	0.854	3
0	0	0	0	1	0	1	1	1	40	33	0.139	0.007	0.854	3
0	1	0	0	0	0	0	0	0	61	79	0	0.223	0.777	3
0	0	0	0	1	0	0	1	999	71	68	0.139	0.007	0.854	3
0	0	0	0	1	0	1	1	1	37	42	0.139	0.007	0.854	3
0	0	0	0	0	0	0	0	0	87	95	0.023	0.002	0.976	3
0	0	0	0	0	0	0	0	0	92	82	0.023	0.002	0.976	3
0	0	0	0	0	0	1	0	0	17	7.5	0.023	0.002	0.976	3
0	1	0	0	0	0	1	0	0	24.5	24.5	0	0.223	0.777	3
0	1	0	0	0	0	1	1	1	32	30	0	0.223	0.777	3
0	1	1	0	0	0	0	0	0	79	90	0	0.92	0.08	2
0	1	1	0	0	0	1	1	1	27	27	0	0.92	0.08	2
0	0	0	0	0	0	0	0	0	74	75	0.023	0.002	0.976	3
0	1	1	0	0	0	0	0	0	63	61	0	0.92	0.08	2
0	0	0	0	0	0	0	0	0	72	75	0.023	0.002	0.976	3
0	0	0	0	0	0	0	0	0	60	41	0.023	0.002	0.976	3
0	0	0	0	0	0	0	0	0	54.5	34.5	0.023	0.002	0.976	3
0	0	0	0	0	0	1	0	0	31	29	0.023	0.002	0.976	3
0	0	0	1	0	0	1	0	0	32	27	0.146	0.004	0.85	3
0	0	0	1	0	0	0	0	0	64.5	64.5	0.146	0.004	0.85	3
0	0	0	0	1	0	0	1	1	73	67	0.139	0.007	0.854	3
0	0	0	1	0	0	0	0	0	32	17	0.146	0.004	0.85	3
0	0	0	0	0	0	0	0	0	15	15	0.023	0.002	0.976	3
0	0	0	0	1	0	0	1	999	66	64	0.139	0.007	0.854	3
0	0	0	0	0	0	1	0	0	7.5	12	0.023	0.002	0.976	3
0	0	0	0	0	0	1	1	1	32	31	0.023	0.002	0.976	3
0	0	0	0	1	0	0	1	1	66	58	0.139	0.007	0.854	3
0	0	0	0	1	0	1	0	0	69.5	69.5	0.139	0.007	0.854	3
0	0	0	0	0	0	1	0	0	999	999	0.023	0.002	0.976	3
0	0	0	0	0	0	0	0	0	90	90	0.023	0.002	0.976	3
0	0	0	1	0	0	1	1	1	32	41	0.146	0.004	0.85	3
0	0	0	1	1	0	1	1	1	999	999	0.541	0.009	0.449	1
0	0	0	1	0	0	1	1	1	25	19	0.146	0.004	0.85	3
0	0	0	1	1	0	1	1	1	57	62	0.541	0.009	0.449	1
0	0	0	1	0	0	1	1	1	35	38	0.146	0.004	0.85	3
0	0	0	1	1	0	1	1	1	48	52	0.541	0.009	0.449	1
0	0	0	1	1	0	1	1	1	48	57	0.541	0.009	0.449	1
0	0	0	1	0	0	1	1	1	53	52	0.146	0.004	0.85	3
0	0	0	1	1	0	1	1	1	21	22	0.541	0.009	0.449	1
0	0	0	0	0	0	1	0	0	64.5	54.5	0.023	0.002	0.976	3
0	0	0	0	0	0	0	0	0	86	89	0.023	0.002	0.976	3
0	0	0	0	0	0	1	0	0	32	27	0.023	0.002	0.976	3
0	0	0	0	0	0	0	0	0	67	64.5	0.023	0.002	0.976	3
0	0	0	1	1	0	1	0	0	999	999	0.541	0.009	0.449	1
0	0	0	0	0	0	1	0	0	22	27	0.023	0.002	0.976	3
0	0	0	0	0	0	0	0	0	75	75	0.023	0.002	0.976	3
0	0	0	0	0	0	0	0	0	999	999	0.023	0.002	0.976	3
0	0	0	0	0	0	1	0	0	24.5	24.5	0.023	0.002	0.976	3
0	0	0	1	1	0	1	1	1	47	32	0.541	0.009	0.449	1
0	0	0	1	1	0	1	1	0	22	32	0.541	0.009	0.449	1
0	0	0	0	1	0	1	1	1	20	23	0.139	0.007	0.854	3
0	0	0	0	1	0	1	1	1	34	32	0.139	0.007	0.854	3
0	0	0	0	1	0	1	1	1	31	28	0.139	0.007	0.854	3
0	0	0	0	1	0	1	1	1	22	31	0.139	0.007	0.854	3
0	0	0	0	0	0	1	999	999	999	999	0.023	0.002	0.976	3
0	0	0	0	0	0	1	1	1	27	32	0.023	0.002	0.976	3
0	0	0	0	0	0	1	1	1	15	10	0.023	0.002	0.976	3
0	0	0	1	0	0	1	1	1	30	10	0.146	0.004	0.85	3
0	0	0	0	0	0	1	1	1	27	27	0.023	0.002	0.976	3
0	0	0	0	0	0	1	1	1	32	37	0.023	0.002	0.976	3
0	0	0	0	0	0	0	0	0	24.5	24.5	0.023	0.002	0.976	3
0	0	0	1	0	0	1	0	0	54.5	44.5	0.146	0.004	0.85	3
0	0	0	0	1	0	1	0	0	30	30	0.139	0.007	0.854	3
0	0	0	0	1	0	1	0	0	30	10	0.139	0.007	0.854	3
0	0	0	0	1	0	1	0	0	999	999	0.139	0.007	0.854	3
0	0	0	1	1	0	1	0	0	35	31	0.541	0.009	0.449	1
0	0	0	0	1	0	1	0	0	17	16	0.139	0.007	0.854	3
0	0	0	1	1	0	1	0	0	37	41	0.541	0.009	0.449	1
0	0	0	1	1	0	1	0	0	40	32	0.541	0.009	0.449	1
0	0	1	1	1	0	1	0	0	30	19	0.803	0.088	0.108	1
0	0	0	1	1	0	1	0	0	20	12	0.541	0.009	0.449	1
0	0	0	1	1	0	1	0	0	23	18	0.541	0.009	0.449	1
0	0	0	1	1	1	1	0	0	29	42	0.959	0.011	0.03	1
1	1	1	1	1	1	1	0	0	48	62	0	1	0	2
0	1	1	1	1	1	1	0	0	32	52	0	1	0	2
0	0	0	1	1	0	1	1	1	29	23	0.541	0.009	0.449	1
0	0	0	1	1	0	1	1	1	42	44	0.541	0.009	0.449	1
0	0	0	1	1	0	1	1	1	41	38	0.541	0.009	0.449	1
0	0	0	1	1	0	1	1	0	62	52	0.541	0.009	0.449	1
0	0	0	1	1	0	1	1	1	63	56	0.541	0.009	0.449	1
0	0	0	1	1	0	1	1	1	41	40	0.541	0.009	0.449	1
0	0	0	1	1	0	1	1	0	65	61	0.541	0.009	0.449	1
0	0	0	1	1	0	1	1	1	58	50	0.541	0.009	0.449	1
0	0	0	1	1	1	1	1	1	27	27	0.959	0.011	0.03	1
0	0	0	1	1	0	1	1	1	999	999	0.541	0.009	0.449	1
0	0	0	1	1	0	1	1	1	27	30	0.541	0.009	0.449	1
0	0	0	1	1	0	1	1	1	37	30	0.541	0.009	0.449	1
0	0	0	1	1	1	1	1	1	25	24	0.959	0.011	0.03	1
0	0	0	1	1	0	1	1	1	32	32	0.541	0.009	0.449	1
0	0	0	1	1	1	1	1	1	33	25	0.959	0.011	0.03	1
0	0	0	1	0	0	1	1	1	30	30	0.146	0.004	0.85	3
0	0	0	1	0	0	1	1	1	30	30	0.146	0.004	0.85	3
0	0	0	1	0	0	1	1	1	24.5	24.5	0.146	0.004	0.85	3
0	0	0	1	0	0	1	1	1	10	10	0.146	0.004	0.85	3
0	0	0	0	1	0	1	1	1	37	27	0.139	0.007	0.854	3
0	1	0	0	1	0	1	0	0	24	23	0	0.561	0.439	2
0	0	0	0	0	0	1	0	0	22	21	0.023	0.002	0.976	3
0	0	0	1	0	0	1	0	0	23	16	0.146	0.004	0.85	3
0	0	0	1	1	0	1	0	0	24	24	0.541	0.009	0.449	1
0	0	0	1	1	0	1	0	0	26	28	0.541	0.009	0.449	1
0	0	0	0	1	0	1	0	0	31	35	0.139	0.007	0.854	3
0	0	0	0	1	0	1	0	0	44	50	0.139	0.007	0.854	3
0	0	0	0	1	0	1	0	0	28	22	0.139	0.007	0.854	3
0	0	0	0	1	0	1	0	0	35	35	0.139	0.007	0.854	3
0	0	0	0	1	0	1	0	0	31	32	0.139	0.007	0.854	3
0	0	0	0	1	0	1	0	0	28	30	0.139	0.007	0.854	3
0	0	0	1	1	0	1	0	0	27	26	0.541	0.009	0.449	1
0	0	0	0	0	0	1	0	0	33	40	0.023	0.002	0.976	3
0	0	0	0	1	0	1	0	0	55	80	0.139	0.007	0.854	3
0	0	0	0	1	0	1	0	0	999	999	0.139	0.007	0.854	3
0	0	0	0	1	0	1	0	0	40	44	0.139	0.007	0.854	3
1	0	0	1	0	0	1	0	0	35	37	0.205	0.136	0.659	3
0	0	0	0	1	0	1	0	0	23	21	0.139	0.007	0.854	3
0	0	0	0	0	0	1	0	0	38	40	0.023	0.002	0.976	3
0	0	0	1	1	0	1	0	0	18	11	0.541	0.009	0.449	1
0	0	0	0	1	0	1	0	0	32	33	0.139	0.007	0.854	3
0	0	1	0	0	0	1	1	1	20	15	0.117	0.06	0.823	3
1	1	1	0	1	0	1	1	1	17	17	0	1	0	2
0	0	0	0	1	0	1	1	1	31	25	0.139	0.007	0.854	3
0	0	1	0	1	0	1	1	1	27	31	0.431	0.139	0.43	1
0	0	0	0	1	0	1	1	1	32	22	0.139	0.007	0.854	3
0	0	0	0	1	0	1	1	1	25	22	0.139	0.007	0.854	3
0	0	0	0	1	0	1	1	1	42	32	0.139	0.007	0.854	3
1	0	1	0	1	0	1	1	1	33	27	0.104	0.839	0.057	2
0	1	1	0	0	0	1	1	1	31	24	0	0.92	0.08	2
0	0	0	0	0	0	1	1	1	53	50	0.023	0.002	0.976	3
0	0	0	0	1	0	1	1	1	41	39	0.139	0.007	0.854	3
0	1	1	0	0	0	1	1	1	39	36	0	0.92	0.08	2
0	0	0	0	1	0	0	1	0	999	999	0.139	0.007	0.854	3
0	0	0	1	1	0	1	1	1	34	29	0.541	0.009	0.449	1
0	0	0	1	1	0	1	1	1	26	29	0.541	0.009	0.449	1
0	0	1	1	1	0	1	1	0	77	82	0.803	0.088	0.108	1
0	0	1	1	1	0	1	1	0	66	67	0.803	0.088	0.108	1
0	0	0	1	1	0	1	1	999	78	81	0.541	0.009	0.449	1
0	0	0	1	1	0	1	1	999	73	62	0.541	0.009	0.449	1
0	0	0	1	1	0	1	1	0	81	70	0.541	0.009	0.449	1
0	0	0	1	1	0	1	1	999	78	69	0.541	0.009	0.449	1
0	1	1	1	1	0	1	1	0	58	55	0	0.992	0.008	2
0	0	0	0	1	0	0	1	0	999	999	0.139	0.007	0.854	3
0	1	0	1	1	0	1	1	1	7.5	12	0	0.763	0.237	2
0	1	1	1	1	0	1	0	0	38	29	0	0.992	0.008	2
0	0	0	1	1	1	1	0	0	49	51	0.959	0.011	0.03	1
0	0	0	1	1	1	1	0	0	31	31	0.959	0.011	0.03	1
0	0	0	1	0	0	1	0	0	32	34	0.146	0.004	0.85	3
0	0	0	1	0	0	1	0	0	40	40	0.146	0.004	0.85	3
0	1	0	1	1	1	1	0	0	95	95	0	0.983	0.017	2
0	0	0	1	1	1	1	0	0	34	33	0.959	0.011	0.03	1
0	0	0	1	1	0	1	0	0	43	36	0.541	0.009	0.449	1
0	0	0	0	1	0	1	0	0	26	18	0.139	0.007	0.854	3
0	0	0	1	1	1	1	0	0	64	65	0.959	0.011	0.03	1
0	0	0	1	1	1	1	0	0	41	27	0.959	0.011	0.03	1
0	0	0	1	1	0	1	0	0	53	54	0.541	0.009	0.449	1
0	0	0	0	0	0	1	0	0	44	39	0.023	0.002	0.976	3
0	0	0	1	0	0	1	0	0	76	73	0.146	0.004	0.85	3
0	1	1	1	1	1	1	0	0	34	26	0	1	0	2
0	0	0	1	0	0	1	0	0	63	59	0.146	0.004	0.85	3
0	0	0	1	1	1	1	0	0	50	49	0.959	0.011	0.03	1
0	0	0	1	1	0	1	0	0	35	23	0.541	0.009	0.449	1
0	0	0	0	1	0	1	0	0	62	55	0.139	0.007	0.854	3
0	1	1	1	1	1	1	0	0	65	73	0	1	0	2
0	0	0	1	1	0	1	0	0	66	58	0.541	0.009	0.449	1
0	0	0	1	1	0	1	0	0	64	62	0.541	0.009	0.449	1
1	0	0	1	1	1	1	0	0	77	79	0.765	0.222	0.013	1
0	0	0	1	1	1	1	0	0	53	54	0.959	0.011	0.03	1
0	0	0	1	1	0	1	0	0	68	79	0.541	0.009	0.449	1
0	0	0	0	0	0	1	0	0	57	55	0.023	0.002	0.976	3
0	0	0	1	0	0	1	0	0	62	55	0.146	0.004	0.85	3
0	1	1	1	0	1	1	0	0	52	56	0	0.998	0.002	2
0	0	0	1	1	0	1	0	0	78	74	0.541	0.009	0.449	1
0	0	0	1	1	0	1	0	0	72	73	0.541	0.009	0.449	1
0	0	0	0	1	0	1	0	0	76	71	0.139	0.007	0.854	3
0	0	0	1	1	0	1	0	0	88	88	0.541	0.009	0.449	1
0	0	0	1	1	1	1	0	0	60	66	0.959	0.011	0.03	1
0	0	0	1	1	1	1	0	0	94	95	0.959	0.011	0.03	1
0	1	0	1	1	0	1	0	0	71	68	0	0.763	0.237	2
0	0	0	0	1	0	1	0	0	67	59	0.139	0.007	0.854	3
0	0	0	1	0	0	1	0	0	68	70	0.146	0.004	0.85	3
0	0	0	1	1	0	1	0	0	70	65	0.541	0.009	0.449	1
0	0	0	1	1	0	1	0	0	93	96	0.541	0.009	0.449	1
0	0	0	1	0	0	0	0	0	70	70	0.146	0.004	0.85	3
0	0	0	1	1	0	1	0	0	72	71	0.541	0.009	0.449	1
0	1	0	1	1	0	1	0	0	64	54	0	0.763	0.237	2
0	0	0	1	1	1	1	0	0	53	55	0.959	0.011	0.03	1
1	0	0	1	0	0	1	1	1	42	44	0.205	0.136	0.659	3
0	0	0	0	0	0	1	1	1	22	27	0.023	0.002	0.976	3
0	0	0	1	0	0	1	1	1	22	27	0.146	0.004	0.85	3
0	0	0	1	0	0	1	1	1	19	29	0.146	0.004	0.85	3
0	1	0	1	0	0	1	1	1	17	23	0	0.419	0.581	3
0	0	0	1	0	0	1	1	1	39	46	0.146	0.004	0.85	3
0	0	0	1	0	0	1	1	1	32	35	0.146	0.004	0.85	3
0	0	0	1	1	0	1	0	0	44.5	54.5	0.541	0.009	0.449	1
1	1	0	1	1	0	1	1	1	37	17	0	0.993	0.007	2
0	0	0	0	0	0	1	1	1	57	62	0.023	0.002	0.976	3
0	0	1	0	1	1	1	0	0	42	46	0.794	0.176	0.03	1
0	0	0	1	1	0	1	0	0	10	10	0.541	0.009	0.449	1
0	0	1	0	1	0	1	0	0	19	16	0.431	0.139	0.43	1
0	0	0	1	1	0	1	0	0	11	11	0.541	0.009	0.449	1
0	0	0	0	1	0	1	0	0	21	17	0.139	0.007	0.854	3
0	0	0	0	0	0	1	0	0	5	5	0.023	0.002	0.976	3
0	0	0	0	1	0	1	1	1	44	35	0.139	0.007	0.854	3
0	0	0	0	1	0	1	1	1	999	999	0.139	0.007	0.854	3
0	0	0	0	1	0	1	1	1	999	999	0.139	0.007	0.854	3
0	0	0	0	1	0	1	1	1	999	999	0.139	0.007	0.854	3
0	0	0	0	1	0	1	1	1	52	42	0.139	0.007	0.854	3
0	0	0	1	1	0	1	1	1	36	30	0.541	0.009	0.449	1
0	0	0	1	1	0	1	1	1	36	44	0.541	0.009	0.449	1
0	0	0	1	1	0	1	1	1	40	35	0.541	0.009	0.449	1
0	0	0	1	1	0	1	1	1	36	28	0.541	0.009	0.449	1
0	0	0	1	1	0	1	1	1	48	40	0.541	0.009	0.449	1
0	0	0	1	1	0	1	1	1	29	24	0.541	0.009	0.449	1
0	0	0	0	1	0	1	1	1	34	38	0.139	0.007	0.854	3
0	0	0	1	1	0	1	1	1	39	42	0.541	0.009	0.449	1
0	0	0	1	1	0	1	1	1	37	37	0.541	0.009	0.449	1
0	0	0	1	1	0	1	1	1	50	48	0.541	0.009	0.449	1
0	0	0	0	0	0	0	1	0	999	999	0.023	0.002	0.976	3
0	0	0	1	1	0	1	999	999	75	70	0.541	0.009	0.449	1
0	0	0	0	0	0	0	999	999	24.5	24.5	0.023	0.002	0.976	3
1	1	1	0	1	1	1	0	0	10	12	0	1	0	2
0	1	1	0	1	1	1	0	0	19	19	0	0.999	0.001	2
1	1	1	0	1	1	1	0	0	19	12	0	1	0	2
0	0	0	0	1	1	1	0	0	30	28	0.789	0.027	0.184	1
1	1	1	0	1	1	1	0	0	21	25	0	1	0	2
0	1	1	0	1	1	1	0	0	60	43	0	0.999	0.001	2
0	1	1	0	1	1	1	0	0	21	23	0	0.999	0.001	2
0	0	0	0	1	1	1	0	0	17	13	0.789	0.027	0.184	1
0	0	0	0	1	1	1	0	0	23	23	0.789	0.027	0.184	1
0	0	0	0	0	0	0	0	0	999	999	0.023	0.002	0.976	3
0	0	0	0	0	1	1	0	0	24.5	75	0.371	0.02	0.609	3
0	0	0	0	0	0	999	999	999	999	999	0.023	0.002	0.976	3
0	0	0	0	0	0	0	1	1	30	49.5	0.023	0.002	0.976	3
0	0	1	1	1	0	1	1	1	31	21	0.803	0.088	0.108	1
0	0	0	0	1	0	1	1	1	37	42	0.139	0.007	0.854	3
0	0	1	1	1	0	1	1	1	24.5	15	0.803	0.088	0.108	1
0	0	1	0	1	0	1	1	1	31	34	0.431	0.139	0.43	1
0	0	0	0	1	0	1	1	1	32	47	0.139	0.007	0.854	3
0	0	0	0	1	0	1	1	1	32	22	0.139	0.007	0.854	3
0	1	1	0	1	0	1	1	1	53	46	0	0.981	0.019	2
1	1	1	1	1	0	1	1	1	18	18	0	1	0	2
0	0	0	0	0	0	1	0	0	37	32	0.023	0.002	0.976	3
0	0	0	0	0	0	1	0	0	24.5	24.5	0.023	0.002	0.976	3
0	1	1	0	1	0	1	1	1	37	40	0	0.981	0.019	2
0	0	0	1	1	0	1	1	1	47	52	0.541	0.009	0.449	1
0	1	1	0	1	0	1	1	1	25	23	0	0.981	0.019	2
0	0	1	0	1	0	1	999	999	39	42	0.431	0.139	0.43	1
0	1	1	0	1	0	1	1	1	39	35	0	0.981	0.019	2
0	0	0	0	1	0	1	1	1	41	35	0.139	0.007	0.854	3
0	0	0	0	1	0	1	1	1	39	36	0.139	0.007	0.854	3
0	0	1	0	1	0	1	1	1	37	32	0.431	0.139	0.43	1
0	0	0	999	999	999	999	999	999	999	999	0.236	0.006	0.758	3
0	1	1	0	1	0	1	1	0	57	54	0	0.981	0.019	2
0	0	1	0	1	0	1	1	1	30	32	0.431	0.139	0.43	1
0	0	0	0	1	0	1	1	0	54	51	0.139	0.007	0.854	3
0	1	1	0	1	0	1	1	0	53	50	0	0.981	0.019	2
0	0	0	0	1	0	1	1	0	52	57	0.139	0.007	0.854	3
0	0	1	0	1	0	1	1	1	35	36	0.431	0.139	0.43	1
0	1	1	0	1	0	1	1	0	48	41	0	0.981	0.019	2
0	0	0	1	1	0	1	1	1	41	45	0.541	0.009	0.449	1
0	1	1	0	1	0	1	1	0	55	49	0	0.981	0.019	2
0	0	0	0	1	0	1	1	0	66	62	0.139	0.007	0.854	3
0	1	1	0	1	0	1	1	1	26	24	0	0.981	0.019	2
0	0	1	1	1	0	1	1	0	49	48	0.803	0.088	0.108	1
0	0	0	0	1	0	1	1	1	40	34	0.139	0.007	0.854	3
0	0	1	0	1	0	1	1	0	59	53	0.431	0.139	0.43	1
0	0	0	1	1	0	1	1	0	52	52	0.541	0.009	0.449	1
0	0	0	0	0	0	0	1	0	58	64	0.023	0.002	0.976	3
0	0	1	1	1	0	1	1	1	77	82	0.803	0.088	0.108	1
0	0	0	1	1	0	1	1	1	30	10	0.541	0.009	0.449	1
0	0	0	0	0	0	1	0	0	27	22	0.023	0.002	0.976	3
0	0	0	1	1	0	1	0	0	999	999	0.541	0.009	0.449	1
0	0	0	1	1	0	1	0	0	20	21	0.541	0.009	0.449	1
0	0	0	1	1	0	1	0	0	20	16	0.541	0.009	0.449	1
0	0	0	1	0	0	1	1	0	37	47	0.146	0.004	0.85	3
0	0	0	1	0	0	1	1	1	26	23	0.146	0.004	0.85	3
0	1	1	1	0	0	1	1	0	42	47	0	0.967	0.033	2
0	0	0	0	0	0	1	1	1	32	23	0.023	0.002	0.976	3
0	0	0	0	0	0	1	1	1	32	27	0.023	0.002	0.976	3
0	0	1	0	0	0	1	1	1	17	22	0.117	0.06	0.823	3
0	0	0	1	0	0	1	1	1	44	36	0.146	0.004	0.85	3
0	0	0	1	0	0	1	1	0	75	73	0.146	0.004	0.85	3
0	0	0	1	0	0	1	1	1	38	30	0.146	0.004	0.85	3
0	1	1	1	0	0	1	1	1	10	10	0	0.967	0.033	2
0	0	0	0	0	0	1	1	0	47	40	0.023	0.002	0.976	3
0	0	0	1	0	0	1	1	1	54	42	0.146	0.004	0.85	3
0	0	0	1	0	0	1	1	0	60	45	0.146	0.004	0.85	3
0	0	0	0	0	0	1	1	1	42	42	0.023	0.002	0.976	3
0	1	1	1	0	0	1	1	1	35	28	0	0.967	0.033	2
0	0	0	0	0	0	0	999	999	24.5	24.5	0.023	0.002	0.976	3
1	1	0	0	1	0	1	1	1	29	20	0	0.983	0.017	2
1	1	0	1	1	0	1	1	1	42	42	0	0.993	0.007	2
1	1	0	0	1	0	1	1	1	28	22	0	0.983	0.017	2
1	1	0	0	1	0	1	1	1	27	26	0	0.983	0.017	2
1	1	1	0	1	0	1	1	1	35	34	0	1	0	2
1	1	0	0	1	0	1	1	1	36	27	0	0.983	0.017	2
1	1	1	0	1	0	1	1	1	40	35	0	1	0	2
1	1	1	0	1	0	1	1	1	21	19	0	1	0	2
1	1	1	1	1	0	1	1	1	32	27	0	1	0	2
1	1	1	1	1	0	1	1	1	30	30	0	1	0	2
1	1	0	1	1	0	0	1	0	10	10	0	0.993	0.007	2
1	0	1	0	1	0	1	999	999	32	34	0.104	0.839	0.057	2
1	0	1	1	1	0	1	1	1	47	47	0.261	0.719	0.019	2
0	0	0	1	1	0	1	1	1	40	44	0.541	0.009	0.449	1
0	0	0	0	1	0	1	1	1	36	34	0.139	0.007	0.854	3
0	0	0	0	1	0	1	1	1	34	29	0.139	0.007	0.854	3
0	0	0	0	1	0	1	1	1	34	25	0.139	0.007	0.854	3
0	0	0	0	1	0	1	1	1	59	57	0.139	0.007	0.854	3
0	1	0	0	1	0	1	1	1	62	62	0	0.561	0.439	2
0	0	0	0	1	0	1	1	1	62	52	0.139	0.007	0.854	3
0	0	0	0	1	0	1	1	1	5	5	0.139	0.007	0.854	3
0	0	0	0	1	0	0	1	0	999	999	0.139	0.007	0.854	3
0	0	0	0	0	0	0	1	0	30	24.5	0.023	0.002	0.976	3
0	0	0	1	1	1	1	1	0	72	77	0.959	0.011	0.03	1
0	0	0	1	1	1	1	1	0	52	50	0.959	0.011	0.03	1
0	0	0	1	1	0	1	1	999	67	57	0.541	0.009	0.449	1
0	0	0	0	1	1	1	0	0	31	28	0.789	0.027	0.184	1
0	0	1	1	1	1	1	0	0	27	26	0.925	0.07	0.005	1
0	0	0	0	1	0	1	0	0	31	24	0.139	0.007	0.854	3
0	0	0	0	0	1	1	0	0	43	41	0.371	0.02	0.609	3
0	0	0	0	1	1	1	0	0	35	27	0.789	0.027	0.184	1
0	0	0	0	1	1	1	0	0	37	35	0.789	0.027	0.184	1
0	1	1	1	1	1	1	0	0	24	15	0	1	0	2
0	0	0	1	0	0	1	0	0	27	27	0.146	0.004	0.85	3
0	0	0	1	0	0	1	0	0	24.5	15	0.146	0.004	0.85	3
0	0	0	1	1	0	1	0	0	999	999	0.541	0.009	0.449	1
0	0	0	1	1	0	1	0	0	56	49	0.541	0.009	0.449	1
0	0	0	1	1	0	1	0	0	63	68	0.541	0.009	0.449	1
0	0	1	0	0	1	1	0	0	17	27	0.619	0.216	0.165	1
0	0	1	1	0	0	1	0	0	17	12	0.471	0.081	0.447	1
0	0	0	0	0	0	1	0	0	999	999	0.023	0.002	0.976	3
0	0	0	0	0	0	1	0	0	15	24.5	0.023	0.002	0.976	3
0	0	0	1	1	0	1	1	1	27	35	0.541	0.009	0.449	1
0	0	0	1	1	0	1	1	1	23	22	0.541	0.009	0.449	1
0	0	0	0	1	0	0	1	1	999	999	0.139	0.007	0.854	3
0	0	0	1	1	0	1	1	1	21	21	0.541	0.009	0.449	1
0	0	0	1	1	0	1	1	1	31	42	0.541	0.009	0.449	1
0	0	0	1	1	0	1	1	1	32	35	0.541	0.009	0.449	1
0	0	0	1	1	0	1	1	1	36	27	0.541	0.009	0.449	1
0	0	0	1	1	0	1	1	1	42	39	0.541	0.009	0.449	1
0	0	0	1	1	0	1	1	1	44	53	0.541	0.009	0.449	1
0	0	0	1	0	0	1	0	0	999	999	0.146	0.004	0.85	3
0	0	0	1	0	0	1	0	0	30	49.5	0.146	0.004	0.85	3
0	0	0	1	0	0	1	0	0	11	5	0.146	0.004	0.85	3
0	0	0	999	999	999	999	999	999	999	999	0.236	0.006	0.758	3
0	0	0	0	0	0	1	1	1	17	27	0.023	0.002	0.976	3
0	1	0	1	0	0	0	1	1	12	12	0	0.419	0.581	3
0	1	1	1	1	1	1	0	0	69	78	0	1	0	2
0	0	0	0	1	0	1	0	0	39	37	0.139	0.007	0.854	3
1	1	0	1	1	1	1	0	0	56	54	0	1	0	2
0	0	0	0	1	0	1	0	0	74	77	0.139	0.007	0.854	3
0	0	1	0	1	0	1	0	0	64	68	0.431	0.139	0.43	1
0	0	0	0	1	0	1	0	0	64	62	0.139	0.007	0.854	3
0	0	1	1	0	0	1	0	0	51	61	0.471	0.081	0.447	1
0	0	0	0	1	0	1	0	0	58	53	0.139	0.007	0.854	3
0	1	0	0	1	0	1	0	0	67	58	0	0.561	0.439	2
0	0	0	0	1	0	1	0	0	64	62	0.139	0.007	0.854	3
0	0	0	0	1	0	1	0	0	58	58	0.139	0.007	0.854	3
0	1	0	0	1	0	1	0	0	87	87	0	0.561	0.439	2
0	1	0	0	1	0	1	0	0	63	55	0	0.561	0.439	2
0	0	0	0	1	0	1	0	0	64	62	0.139	0.007	0.854	3
0	1	1	1	1	0	1	0	0	30	38	0	0.992	0.008	2
0	0	0	0	1	0	1	0	0	57	54	0.139	0.007	0.854	3
0	0	0	0	1	0	1	0	0	47	42	0.139	0.007	0.854	3
0	0	0	0	1	0	1	0	0	51	53	0.139	0.007	0.854	3
0	1	0	0	1	0	1	0	0	62	55	0	0.561	0.439	2
0	0	0	0	1	0	1	0	0	44	39	0.139	0.007	0.854	3
0	1	1	1	1	0	1	0	0	55	52	0	0.992	0.008	2
0	1	1	1	1	1	1	0	0	52	52	0	1	0	2
0	0	1	0	1	0	1	0	0	42	43	0.431	0.139	0.43	1
0	0	1	0	1	0	1	0	0	59	58	0.431	0.139	0.43	1
0	0	0	0	1	0	1	0	0	71	70	0.139	0.007	0.854	3
0	0	1	0	1	0	1	0	0	47	38	0.431	0.139	0.43	1
0	0	0	0	1	0	1	0	0	68	67	0.139	0.007	0.854	3
0	1	1	1	1	0	1	0	0	52	38	0	0.992	0.008	2
0	0	0	0	1	0	1	0	0	63	49	0.139	0.007	0.854	3
0	0	1	1	1	1	1	0	0	51	51	0.925	0.07	0.005	1
0	1	0	0	1	0	1	0	0	66	67	0	0.561	0.439	2
0	1	1	1	1	0	1	0	0	55	59	0	0.992	0.008	2
0	1	0	0	1	0	1	0	0	62	55	0	0.561	0.439	2
0	0	0	0	1	0	1	0	0	71	74	0.139	0.007	0.854	3
0	1	1	1	1	0	1	0	0	999	999	0	0.992	0.008	2
0	0	0	0	1	0	1	0	0	66	66	0.139	0.007	0.854	3
0	0	1	1	1	0	0	0	0	85	88	0.803	0.088	0.108	1
0	0	0	1	1	1	1	0	0	71	79	0.959	0.011	0.03	1
0	0	0	0	1	0	1	0	0	62	60	0.139	0.007	0.854	3
0	0	0	0	0	0	0	0	0	52	57	0.023	0.002	0.976	3
0	0	0	0	0	0	0	0	0	999	999	0.023	0.002	0.976	3
0	0	1	1	1	0	1	0	0	39	46	0.803	0.088	0.108	1
0	0	1	1	1	0	1	0	0	31	28	0.803	0.088	0.108	1
0	0	1	1	1	0	1	0	0	28	26	0.803	0.088	0.108	1
0	0	1	1	1	0	1	0	0	30	33	0.803	0.088	0.108	1
0	0	1	1	1	0	1	0	0	23	21	0.803	0.088	0.108	1
0	0	1	1	1	0	1	0	0	25	24	0.803	0.088	0.108	1
0	0	1	1	1	0	1	0	0	28	28	0.803	0.088	0.108	1
0	0	1	1	1	0	1	0	0	29	35	0.803	0.088	0.108	1
0	0	1	1	1	0	1	0	0	21	20	0.803	0.088	0.108	1
0	0	1	1	1	0	1	0	0	40	35	0.803	0.088	0.108	1
0	0	1	1	1	0	1	0	0	27	37	0.803	0.088	0.108	1
0	0	1	1	1	0	1	0	0	22	42	0.803	0.088	0.108	1
0	0	1	1	1	0	1	0	0	28	26	0.803	0.088	0.108	1
0	0	1	1	1	0	1	0	0	27	37	0.803	0.088	0.108	1
0	0	1	1	1	0	1	0	0	39	39	0.803	0.088	0.108	1
0	0	0	1	1	0	1	0	0	31	38	0.541	0.009	0.449	1
0	0	1	1	1	0	1	0	0	28	36	0.803	0.088	0.108	1
0	0	0	1	1	1	1	0	0	45	65	0.959	0.011	0.03	1
0	0	0	1	1	0	1	0	0	42	47	0.541	0.009	0.449	1
0	0	0	1	1	1	1	0	0	30	47	0.959	0.011	0.03	1
0	0	0	1	1	0	1	0	0	67	62	0.541	0.009	0.449	1
0	0	0	1	1	0	1	0	0	52	72	0.541	0.009	0.449	1
0	0	0	1	1	0	1	0	0	60	69	0.541	0.009	0.449	1
0	0	0	1	1	0	1	0	0	59	76	0.541	0.009	0.449	1
0	0	0	1	1	0	1	0	0	44	59	0.541	0.009	0.449	1
0	0	0	1	1	1	1	0	0	48	55	0.959	0.011	0.03	1
0	0	0	1	0	0	0	0	0	32	37	0.146	0.004	0.85	3
0	0	0	1	0	0	0	0	0	62	77	0.146	0.004	0.85	3
0	0	0	1	0	0	1	0	0	34.5	24.5	0.146	0.004	0.85	3
0	0	0	1	0	0	1	0	0	31	26	0.146	0.004	0.85	3
0	0	0	0	0	0	1	0	0	21	17	0.023	0.002	0.976	3
0	0	0	1	0	0	1	0	0	42	32	0.146	0.004	0.85	3
0	0	0	1	0	0	1	0	0	24.5	75	0.146	0.004	0.85	3
0	0	0	0	0	0	1	1	1	69.5	69.5	0.023	0.002	0.976	3
0	0	0	1	1	0	0	0	0	24.5	24.5	0.541	0.009	0.449	1
0	0	0	1	1	0	1	0	0	27	22	0.541	0.009	0.449	1
0	0	0	0	1	0	1	1	0	70	74	0.139	0.007	0.854	3
0	0	0	0	1	0	1	1	0	65	63	0.139	0.007	0.854	3
0	0	0	0	1	0	1	1	999	67	73	0.139	0.007	0.854	3
0	0	0	1	1	0	1	1	0	64	71	0.541	0.009	0.449	1
0	0	0	0	1	0	1	1	999	68	72	0.139	0.007	0.854	3
0	0	1	0	1	0	1	1	1	58	53	0.431	0.139	0.43	1
0	0	1	0	1	0	1	1	0	73	70	0.431	0.139	0.43	1
0	0	0	0	1	0	1	1	0	63	62	0.139	0.007	0.854	3
0	0	0	1	1	0	1	1	0	60	61	0.541	0.009	0.449	1
0	0	1	0	1	0	1	1	0	66	66	0.431	0.139	0.43	1
0	0	0	0	1	0	1	999	999	999	999	0.139	0.007	0.854	3
0	0	1	1	1	0	1	999	999	58	53	0.803	0.088	0.108	1
0	0	0	1	1	0	1	999	999	64	68	0.541	0.009	0.449	1
0	0	0	0	1	0	1	999	999	999	999	0.139	0.007	0.854	3
0	0	0	0	1	0	1	1	0	85	89	0.139	0.007	0.854	3
0	0	0	1	0	0	1	0	0	32	42	0.146	0.004	0.85	3
0	0	0	1	0	0	1	0	0	29	22	0.146	0.004	0.85	3
0	1	0	1	0	0	1	0	0	49	39	0	0.419	0.581	3
0	0	0	1	0	0	1	0	0	999	999	0.146	0.004	0.85	3
0	0	0	1	0	0	1	0	0	27	22	0.146	0.004	0.85	3
0	0	0	0	0	0	0	0	0	999	999	0.023	0.002	0.976	3
0	0	0	0	0	0	0	0	0	999	999	0.023	0.002	0.976	3
0	0	0	0	0	0	0	0	0	999	999	0.023	0.002	0.976	3
0	0	0	0	0	0	0	0	0	999	999	0.023	0.002	0.976	3
0	0	0	0	0	0	1	0	0	10	10	0.023	0.002	0.976	3
0	0	0	0	0	0	1	0	0	15	5	0.023	0.002	0.976	3
0	0	0	1	1	1	1	1	1	47	42	0.959	0.011	0.03	1
0	0	1	0	1	0	1	1	1	54	38	0.431	0.139	0.43	1
0	0	0	0	1	0	1	1	1	47	40	0.139	0.007	0.854	3
0	0	1	0	1	0	1	1	1	52	45	0.431	0.139	0.43	1
0	0	0	0	1	0	1	1	1	39	36	0.139	0.007	0.854	3
0	0	1	0	0	0	1	1	1	60	64	0.117	0.06	0.823	3
0	0	1	0	1	0	1	1	1	68	45	0.431	0.139	0.43	1
0	0	1	0	1	0	1	1	1	38	34	0.431	0.139	0.43	1
0	0	1	0	1	0	1	1	1	52	40	0.431	0.139	0.43	1
0	0	0	0	1	0	0	1	0	999	999	0.139	0.007	0.854	3
1	0	0	0	0	0	1	1	1	37	47	0.037	0.073	0.889	3
0	0	0	1	0	1	1	0	0	10	10	0.806	0.015	0.179	1
0	0	0	0	0	0	1	0	0	12	2.5	0.023	0.002	0.976	3
0	0	0	1	0	0	1	0	0	2.5	7.5	0.146	0.004	0.85	3
0	0	0	0	0	1	999	999	999	999	999	0.371	0.02	0.609	3
0	0	0	0	0	0	1	0	0	24.5	24.5	0.023	0.002	0.976	3
0	0	0	0	0	0	1	0	0	24.5	24.5	0.023	0.002	0.976	3
0	0	0	1	0	0	1	0	0	24	24	0.146	0.004	0.85	3
0	0	0	1	1	0	1	0	0	20	16	0.541	0.009	0.449	1
1	1	1	1	1	1	1	0	0	13	8	0	1	0	2
0	0	0	1	1	0	1	0	0	25	16	0.541	0.009	0.449	1
0	0	0	1	1	0	1	0	0	22	22	0.541	0.009	0.449	1
0	0	0	0	1	0	1	0	0	21	27	0.139	0.007	0.854	3
0	0	0	1	1	0	1	0	0	15	29	0.541	0.009	0.449	1
0	0	0	1	1	1	1	0	0	16	20	0.959	0.011	0.03	1
0	0	1	1	0	0	1	0	0	25	33	0.471	0.081	0.447	1
0	0	0	0	1	0	0	0	0	999	999	0.139	0.007	0.854	3
0	0	0	1	1	0	1	0	0	16	9	0.541	0.009	0.449	1
1	1	1	0	1	0	1	0	0	33	27	0	1	0	2
0	0	1	1	0	0	1	0	0	33	30	0.471	0.081	0.447	1
0	0	0	0	1	0	1	0	0	40	38	0.139	0.007	0.854	3
0	0	1	1	1	0	1	0	0	34	30	0.803	0.088	0.108	1
0	0	1	1	1	0	1	0	0	27	42	0.803	0.088	0.108	1
0	0	0	0	1	0	1	0	0	48	48	0.139	0.007	0.854	3
0	0	1	1	1	0	1	0	0	36	35	0.803	0.088	0.108	1
0	0	0	1	0	0	1	0	0	62	57	0.146	0.004	0.85	3
0	0	0	1	0	0	1	0	0	67	57	0.146	0.004	0.85	3
0	0	0	1	0	0	1	0	0	69.5	49.5	0.146	0.004	0.85	3
0	0	0	0	0	0	0	0	0	47	42	0.023	0.002	0.976	3
0	0	0	1	1	0	1	0	0	22	27	0.541	0.009	0.449	1
0	0	1	1	1	0	1	0	0	20	14	0.803	0.088	0.108	1
0	0	0	1	1	0	1	0	0	23	18	0.541	0.009	0.449	1
0	0	0	0	0	0	1	1	1	44.5	34.5	0.023	0.002	0.976	3
0	0	0	0	1	0	1	1	0	53	47	0.139	0.007	0.854	3
0	0	0	0	1	0	1	1	0	74	76	0.139	0.007	0.854	3
0	0	0	0	1	0	1	1	0	57	60	0.139	0.007	0.854	3
0	0	0	0	1	0	1	1	1	44	36	0.139	0.007	0.854	3
0	0	0	0	1	1	1	1	1	38	32	0.789	0.027	0.184	1
0	0	0	0	1	0	1	1	1	72	67	0.139	0.007	0.854	3
0	0	0	0	1	0	1	1	0	67	70	0.139	0.007	0.854	3
0	0	0	1	1	1	1	1	0	64	53	0.959	0.011	0.03	1
0	0	0	0	1	0	1	1	0	66	65	0.139	0.007	0.854	3
0	0	0	0	1	0	1	1	0	79	80	0.139	0.007	0.854	3
0	0	0	0	1	0	1	1	0	70	70	0.139	0.007	0.854	3
0	0	0	0	1	0	1	1	1	56	56	0.139	0.007	0.854	3
0	0	0	0	1	0	1	1	1	38	37	0.139	0.007	0.854	3
0	0	0	0	1	0	1	1	0	77	79	0.139	0.007	0.854	3
0	0	0	0	1	0	1	1	0	65	63	0.139	0.007	0.854	3
0	0	0	0	1	0	1	1	1	65	61	0.139	0.007	0.854	3
0	0	0	1	1	1	1	1	0	56	52	0.959	0.011	0.03	1
0	0	0	0	1	0	1	1	1	63	67	0.139	0.007	0.854	3
0	0	0	0	1	0	1	1	0	58	55	0.139	0.007	0.854	3
0	0	0	0	1	0	1	1	0	72	77	0.139	0.007	0.854	3
0	0	0	0	1	0	1	1	0	79	84	0.139	0.007	0.854	3
0	0	0	0	1	0	1	1	1	43	37	0.139	0.007	0.854	3
0	0	0	0	1	0	1	1	0	88	86	0.139	0.007	0.854	3
0	0	0	0	1	0	1	1	0	69	67	0.139	0.007	0.854	3
0	0	0	0	1	0	1	1	0	57	67	0.139	0.007	0.854	3
0	0	0	0	0	0	1	1	1	53	64	0.023	0.002	0.976	3
0	0	0	1	0	0	1	1	1	36	45	0.146	0.004	0.85	3
0	0	0	0	0	0	1	1	1	54	57	0.023	0.002	0.976	3
0	0	0	0	0	0	1	1	0	67	68	0.023	0.002	0.976	3
0	0	0	1	0	0	1	1	1	27	37	0.146	0.004	0.85	3
0	0	0	0	0	0	1	1	1	49	57	0.023	0.002	0.976	3
0	0	0	0	0	0	1	1	1	46	42	0.023	0.002	0.976	3
0	0	0	0	0	0	1	1	0	63	71	0.023	0.002	0.976	3
0	0	0	1	1	1	1	1	1	34	33	0.959	0.011	0.03	1
0	0	0	1	1	1	1	1	1	33	36	0.959	0.011	0.03	1
0	0	0	1	0	1	1	1	1	84	84	0.806	0.015	0.179	1
0	0	0	1	1	1	1	1	1	27	24	0.959	0.011	0.03	1
0	0	0	1	1	1	1	1	1	35	36	0.959	0.011	0.03	1
0	0	0	1	1	1	1	1	1	39	39	0.959	0.011	0.03	1
0	0	0	1	1	1	1	1	1	41	36	0.959	0.011	0.03	1
0	0	0	1	1	1	1	1	1	35	37	0.959	0.011	0.03	1
0	0	0	1	1	0	1	0	0	43	46	0.541	0.009	0.449	1
0	0	0	0	1	0	1	0	0	49	50	0.139	0.007	0.854	3
0	0	0	1	1	0	1	0	0	26	27	0.541	0.009	0.449	1
0	0	0	0	1	0	1	0	0	56	59	0.139	0.007	0.854	3
0	0	0	1	1	0	1	0	0	31	30	0.541	0.009	0.449	1
0	0	0	0	1	0	1	0	0	41	44	0.139	0.007	0.854	3
0	0	0	0	1	0	1	0	0	65	57	0.139	0.007	0.854	3
0	1	1	0	1	0	1	0	0	69	71	0	0.981	0.019	2
0	1	1	0	1	0	1	0	0	64	60	0	0.981	0.019	2
0	1	1	0	1	0	1	0	0	58	60	0	0.981	0.019	2
0	0	1	0	1	0	1	0	0	50	54	0.431	0.139	0.43	1
0	0	0	0	1	0	0	0	0	30	10	0.139	0.007	0.854	3
0	1	1	0	1	0	1	0	0	49	45	0	0.981	0.019	2
0	1	0	0	0	0	1	0	0	55	51	0	0.223	0.777	3
0	0	0	0	1	0	1	0	0	56	61	0.139	0.007	0.854	3
0	0	1	0	1	0	1	0	0	54	61	0.431	0.139	0.43	1
0	1	1	0	1	0	1	0	0	52	46	0	0.981	0.019	2
0	1	0	0	1	0	1	0	0	69	72	0	0.561	0.439	2
0	1	1	0	1	0	1	0	0	49	46	0	0.981	0.019	2
0	1	0	0	1	0	1	0	0	61	59	0	0.561	0.439	2
0	0	0	0	1	0	1	0	0	63	63	0.139	0.007	0.854	3
0	0	0	0	0	0	1	0	0	37	32	0.023	0.002	0.976	3
0	0	0	1	0	0	1	0	0	37	37	0.146	0.004	0.85	3
0	0	0	0	1	0	1	0	0	21	16	0.139	0.007	0.854	3
0	0	0	0	1	0	1	0	0	31	27	0.139	0.007	0.854	3
0	0	0	0	1	0	1	0	0	34	35	0.139	0.007	0.854	3
0	0	0	0	1	0	1	0	0	32	27	0.139	0.007	0.854	3
0	0	0	0	1	0	1	0	0	36	25	0.139	0.007	0.854	3
0	0	0	0	1	0	1	0	0	30	27	0.139	0.007	0.854	3
0	0	0	0	1	0	1	0	0	30	19	0.139	0.007	0.854	3
0	0	0	0	1	0	1	0	0	72	77	0.139	0.007	0.854	3
0	0	0	0	1	0	1	0	0	62	62	0.139	0.007	0.854	3
0	0	0	0	1	0	1	0	0	53	48	0.139	0.007	0.854	3
0	0	0	0	1	0	1	0	0	30	28	0.139	0.007	0.854	3
0	0	0	0	1	0	1	0	0	70	66	0.139	0.007	0.854	3
0	0	0	0	1	0	1	0	0	50	49	0.139	0.007	0.854	3
0	0	0	0	1	0	1	0	0	38	51	0.139	0.007	0.854	3
0	0	0	0	1	0	1	0	0	80	87	0.139	0.007	0.854	3
1	0	1	0	0	0	1	1	1	47	52	0.057	0.724	0.22	2
0	0	1	0	1	0	1	1	1	42	32	0.431	0.139	0.43	1
0	0	0	0	1	0	1	1	1	999	999	0.139	0.007	0.854	3
0	0	0	1	1	1	0	1	1	22	37	0.959	0.011	0.03	1
0	0	0	1	1	1	1	1	1	30	49.5	0.959	0.011	0.03	1
0	0	0	1	1	0	1	1	1	50	52	0.541	0.009	0.449	1
0	0	0	1	1	0	1	1	1	34	29	0.541	0.009	0.449	1
0	0	0	1	1	1	1	1	1	29	32	0.959	0.011	0.03	1
0	0	0	1	1	0	1	1	1	39	47	0.541	0.009	0.449	1
0	0	0	1	1	1	1	1	1	42	47	0.959	0.011	0.03	1
0	0	0	1	1	0	1	1	0	58	49	0.541	0.009	0.449	1
0	0	0	0	0	0	0	1	1	999	999	0.023	0.002	0.976	3
0	0	0	1	1	0	1	1	1	47	47	0.541	0.009	0.449	1
0	0	0	1	1	1	1	1	0	32	30	0.959	0.011	0.03	1
0	0	0	1	1	0	1	1	1	50	42	0.541	0.009	0.449	1
0	0	0	1	1	0	1	1	0	24	24	0.541	0.009	0.449	1
0	0	0	1	1	0	1	1	1	25	24	0.541	0.009	0.449	1
0	0	0	1	1	1	1	1	0	52	47	0.959	0.011	0.03	1
0	0	0	1	1	0	1	1	1	55	60	0.541	0.009	0.449	1
0	0	0	1	1	0	1	1	0	60	61	0.541	0.009	0.449	1
0	0	0	1	1	0	1	1	0	58	60	0.541	0.009	0.449	1
0	0	0	1	0	0	0	1	1	5	15	0.146	0.004	0.85	3
0	0	0	1	1	0	1	999	999	67	68	0.541	0.009	0.449	1
0	0	0	1	1	0	1	1	1	41	48	0.541	0.009	0.449	1
0	0	0	1	1	1	1	1	1	30	28	0.959	0.011	0.03	1
0	0	0	1	1	1	1	1	1	27	25	0.959	0.011	0.03	1
0	0	0	1	1	0	1	1	1	68	69	0.541	0.009	0.449	1
0	0	0	1	1	0	1	1	1	44	44	0.541	0.009	0.449	1
0	0	0	1	1	1	1	1	1	31	27	0.959	0.011	0.03	1
0	0	1	1	1	0	1	1	1	52	54	0.803	0.088	0.108	1
0	0	0	1	1	0	1	999	999	42	43	0.541	0.009	0.449	1
0	0	0	1	1	0	1	1	1	52	52	0.541	0.009	0.449	1
0	0	0	1	1	0	1	1	1	28	27	0.541	0.009	0.449	1
0	0	0	1	1	0	1	1	1	27	32	0.541	0.009	0.449	1
0	1	1	0	0	1	1	1	1	40	35	0	0.995	0.005	2
0	0	1	0	0	1	1	1	1	24.5	24.5	0.619	0.216	0.165	1
1	0	0	0	0	0	1	1	1	12	12	0.037	0.073	0.889	3
0	0	0	0	0	0	1	1	1	49.5	30	0.023	0.002	0.976	3
0	0	1	0	0	0	1	1	0	72	67	0.117	0.06	0.823	3
0	0	0	1	1	0	1	1	1	23	18	0.541	0.009	0.449	1
0	0	0	0	0	0	1	1	1	59	62	0.023	0.002	0.976	3
0	0	1	0	1	0	1	1	1	32	34	0.431	0.139	0.43	1
0	0	0	1	1	1	1	1	1	22	26	0.959	0.011	0.03	1
0	0	0	1	0	0	1	1	1	32	34	0.146	0.004	0.85	3
0	0	1	1	1	0	1	1	1	27	28	0.803	0.088	0.108	1
0	0	1	1	0	0	1	1	1	35	34	0.471	0.081	0.447	1
0	0	0	1	1	0	1	1	1	41	37	0.541	0.009	0.449	1
0	0	0	0	0	0	1	1	0	75	80	0.023	0.002	0.976	3
0	0	1	1	1	1	1	1	1	48	54	0.925	0.07	0.005	1
0	0	0	0	0	0	1	1	0	69	70	0.023	0.002	0.976	3
0	0	0	0	1	0	1	1	1	25	25	0.139	0.007	0.854	3
0	0	0	0	1	0	1	1	1	26	20	0.139	0.007	0.854	3
0	0	0	1	1	0	1	1	1	41	45	0.541	0.009	0.449	1
0	0	1	0	1	0	1	1	1	31	25	0.431	0.139	0.43	1
0	0	1	1	1	1	1	1	1	20	17	0.925	0.07	0.005	1
0	0	0	1	0	0	1	1	1	30	30	0.146	0.004	0.85	3
0	0	0	1	1	0	1	1	1	30	36	0.541	0.009	0.449	1
0	0	1	0	1	0	1	1	1	26	34	0.431	0.139	0.43	1
0	0	0	1	1	0	1	1	1	27	22	0.541	0.009	0.449	1
0	0	0	1	1	0	1	1	1	27	33	0.541	0.009	0.449	1
0	0	0	0	0	0	1	1	0	73	78	0.023	0.002	0.976	3
0	0	1	1	1	1	1	1	0	35	44	0.925	0.07	0.005	1
0	0	1	1	1	1	1	1	0	63	69	0.925	0.07	0.005	1
0	0	1	1	1	1	1	1	1	36	34	0.925	0.07	0.005	1
0	0	0	0	1	0	1	1	1	32	29	0.139	0.007	0.854	3
0	0	1	1	1	1	1	1	1	17	16	0.925	0.07	0.005	1
0	0	1	0	1	0	1	1	1	25	24	0.431	0.139	0.43	1
0	0	1	0	1	0	1	1	1	35	29	0.431	0.139	0.43	1
0	0	0	1	0	0	1	1	1	47	53	0.146	0.004	0.85	3
0	0	0	0	0	0	1	1	1	54	55	0.023	0.002	0.976	3
0	0	1	1	1	0	1	1	1	26	20	0.803	0.088	0.108	1
0	0	1	1	1	1	1	1	0	44	44	0.925	0.07	0.005	1
0	0	0	0	1	0	1	1	1	39	38	0.139	0.007	0.854	3
0	0	1	0	0	0	1	1	1	37	30	0.117	0.06	0.823	3
0	0	0	0	1	0	1	1	0	64	60	0.139	0.007	0.854	3
0	0	0	0	1	0	1	1	1	62	59	0.139	0.007	0.854	3
0	0	0	1	1	0	1	1	0	52	66	0.541	0.009	0.449	1
0	0	0	0	1	0	1	1	1	40	46	0.139	0.007	0.854	3
0	0	1	1	1	0	1	1	1	35	35	0.803	0.088	0.108	1
0	0	0	0	1	0	1	1	1	61	55	0.139	0.007	0.854	3
0	0	0	0	1	0	1	1	1	59	56	0.139	0.007	0.854	3
0	0	0	1	1	0	1	1	1	49	44	0.541	0.009	0.449	1
0	0	1	1	1	1	1	1	0	45	52	0.925	0.07	0.005	1
0	0	0	1	0	0	1	1	1	42	43	0.146	0.004	0.85	3
0	0	0	0	0	0	1	1	1	42	37	0.023	0.002	0.976	3
0	0	0	0	0	0	1	1	0	82	84	0.023	0.002	0.976	3
0	0	0	0	0	0	1	1	0	51	28	0.023	0.002	0.976	3
0	0	1	1	1	0	1	1	1	59	63	0.803	0.088	0.108	1
0	0	1	1	1	1	1	1	1	34	41	0.925	0.07	0.005	1
0	0	1	1	1	0	1	1	1	53	58	0.803	0.088	0.108	1
0	0	0	1	1	0	1	1	1	53	56	0.541	0.009	0.449	1
0	0	0	1	1	0	1	1	1	69	71	0.541	0.009	0.449	1
0	0	1	1	1	0	1	1	1	37	41	0.803	0.088	0.108	1
0	0	0	1	1	0	1	1	1	45	53	0.541	0.009	0.449	1
0	0	0	1	1	0	1	1	1	53	48	0.541	0.009	0.449	1
0	0	1	1	1	1	1	1	0	62	74	0.925	0.07	0.005	1
0	0	0	1	0	0	1	1	0	71	75	0.146	0.004	0.85	3
0	0	0	0	1	0	1	1	1	48	50	0.139	0.007	0.854	3
0	0	1	1	1	0	1	1	1	40	46	0.803	0.088	0.108	1
0	0	0	0	1	0	1	1	1	51	59	0.139	0.007	0.854	3
0	0	0	0	1	0	1	1	1	61	58	0.139	0.007	0.854	3
0	0	1	1	1	1	1	1	0	44	48	0.925	0.07	0.005	1
0	0	0	1	0	1	1	1	0	7.5	12	0.806	0.015	0.179	1
0	0	0	1	0	0	0	1	0	42	52	0.146	0.004	0.85	3
0	0	1	1	1	0	1	1	1	20	22	0.803	0.088	0.108	1
0	0	0	1	0	0	1	1	1	58	58	0.146	0.004	0.85	3
0	0	0	0	1	0	0	1	0	999	999	0.139	0.007	0.854	3
0	0	0	1	1	0	1	1	1	36	26	0.541	0.009	0.449	1
0	0	0	0	1	0	1	1	0	64	64	0.139	0.007	0.854	3
0	0	0	0	0	0	0	1	0	999	999	0.023	0.002	0.976	3
0	0	0	0	0	0	1	1	0	98	96	0.023	0.002	0.976	3
0	0	0	0	0	0	1	1	0	93	89	0.023	0.002	0.976	3
0	0	0	0	0	0	1	1	0	72	72	0.023	0.002	0.976	3
0	0	1	1	1	1	1	1	1	68	64	0.925	0.07	0.005	1
0	0	0	0	0	0	1	1	0	87	85	0.023	0.002	0.976	3
0	0	0	0	1	0	0	999	999	999	999	0.139	0.007	0.854	3
0	0	0	0	0	0	1	1	0	7.5	12	0.023	0.002	0.976	3
0	0	0	999	999	999	999	999	999	999	999	0.236	0.006	0.758	3
0	0	0	999	999	999	999	999	999	999	999	0.236	0.006	0.758	3
0	0	0	999	999	999	999	999	999	999	999	0.236	0.006	0.758	3
0	0	0	999	999	999	999	999	999	999	999	0.236	0.006	0.758	3
0	0	0	999	999	999	999	999	999	999	999	0.236	0.006	0.758	3
1	1	0	1	1	1	1	1	1	22	22	0	1	0	2
0	0	0	0	1	1	1	1	1	25	28	0.789	0.027	0.184	1
0	0	0	0	1	1	0	1	0	999	999	0.789	0.027	0.184	1
0	1	0	0	1	1	1	1	1	27	17	0	0.958	0.042	2
0	0	1	1	1	1	1	1	1	37	42	0.925	0.07	0.005	1
0	0	0	0	0	0	1	0	0	75	75	0.023	0.002	0.976	3
0	0	0	0	0	0	1	1	1	26	25	0.023	0.002	0.976	3
0	0	0	0	0	0	1	999	999	999	999	0.023	0.002	0.976	3
0	0	0	0	0	0	1	999	999	41	37	0.023	0.002	0.976	3
0	0	0	0	0	0	1	1	1	42	42	0.023	0.002	0.976	3
0	0	0	0	0	0	1	0	0	57	63	0.023	0.002	0.976	3
0	0	0	1	0	0	1	0	0	54.5	54.5	0.146	0.004	0.85	3
0	0	0	1	0	0	1	0	0	55	40	0.146	0.004	0.85	3
0	0	0	1	0	0	1	0	0	27	32	0.146	0.004	0.85	3
0	0	0	0	0	0	0	0	0	999	999	0.023	0.002	0.976	3
0	0	0	0	0	0	0	0	0	999	999	0.023	0.002	0.976	3
0	0	0	1	1	0	1	0	0	12	15	0.541	0.009	0.449	1
0	0	0	1	1	0	1	0	0	12	7.5	0.541	0.009	0.449	1
1	0	0	1	1	0	1	0	0	15	21	0.532	0.225	0.243	1
0	0	0	1	1	0	1	0	0	24	21	0.541	0.009	0.449	1
0	0	1	0	1	0	1	0	0	13	14	0.431	0.139	0.43	1
0	0	0	1	0	0	1	0	0	32	34	0.146	0.004	0.85	3
0	0	0	1	0	0	1	0	0	43	34	0.146	0.004	0.85	3
0	0	0	0	0	0	0	0	0	75	999	0.023	0.002	0.976	3
0	0	0	1	0	0	1	1	1	29	23	0.146	0.004	0.85	3
0	0	0	1	0	0	1	1	1	47	47	0.146	0.004	0.85	3
0	0	0	1	0	0	1	1	1	52	52	0.146	0.004	0.85	3
0	0	0	1	0	1	1	1	1	32	47	0.806	0.015	0.179	1
0	0	0	1	0	1	1	1	1	20	20	0.806	0.015	0.179	1
0	0	0	1	0	0	1	1	1	57	62	0.146	0.004	0.85	3
0	0	0	1	0	1	1	1	1	38	41	0.806	0.015	0.179	1
0	0	0	1	0	0	1	1	1	38	37	0.146	0.004	0.85	3
0	0	0	1	0	0	1	1	1	66	72	0.146	0.004	0.85	3
0	0	0	1	0	0	1	1	1	10	10	0.146	0.004	0.85	3
0	0	0	0	0	0	1	1	1	27	24	0.023	0.002	0.976	3
0	1	0	0	1	1	1	0	0	35	42	0	0.958	0.042	2
0	0	0	0	1	0	1	0	0	37	47	0.139	0.007	0.854	3
0	1	0	0	1	0	1	0	0	27	37	0	0.561	0.439	2
0	0	0	0	1	0	1	0	0	27	28	0.139	0.007	0.854	3
0	0	0	0	1	0	1	0	0	25	36	0.139	0.007	0.854	3
0	0	0	999	999	999	999	999	999	999	999	0.236	0.006	0.758	3
0	0	0	0	0	0	1	1	1	24.5	24.5	0.023	0.002	0.976	3
0	0	0	0	0	0	1	0	0	54.5	54.5	0.023	0.002	0.976	3
0	0	0	1	1	0	1	1	1	21	18	0.541	0.009	0.449	1
0	1	1	1	1	1	1	1	1	30	30	0	1	0	2
0	0	0	1	1	0	1	1	1	27	26	0.541	0.009	0.449	1
0	0	0	1	1	0	1	1	1	999	999	0.541	0.009	0.449	1
0	0	0	0	0	0	1	999	999	24.5	24.5	0.023	0.002	0.976	3
0	0	1	0	0	0	1	1	1	46	47	0.117	0.06	0.823	3
0	0	0	1	1	0	1	1	1	46	46	0.541	0.009	0.449	1
0	0	0	1	1	0	1	1	1	48	52	0.541	0.009	0.449	1
0	0	0	0	0	0	1	1	0	999	999	0.023	0.002	0.976	3
0	0	0	0	1	1	1	1	1	40	44	0.789	0.027	0.184	1
0	0	0	0	1	1	1	1	1	20	16	0.789	0.027	0.184	1
0	0	0	0	1	0	1	1	0	72	71	0.139	0.007	0.854	3
0	0	0	0	1	1	1	1	1	32	32	0.789	0.027	0.184	1
0	0	0	0	1	1	1	1	1	38	35	0.789	0.027	0.184	1
0	0	0	0	1	0	1	1	999	48	36	0.139	0.007	0.854	3
0	0	0	0	1	0	1	1	0	69	63	0.139	0.007	0.854	3
0	0	1	1	1	0	1	1	0	63	57	0.803	0.088	0.108	1
0	0	0	0	1	1	1	1	1	40	45	0.789	0.027	0.184	1
0	0	0	0	1	1	1	1	1	29	27	0.789	0.027	0.184	1
0	0	0	0	1	0	1	1	0	68	58	0.139	0.007	0.854	3
0	0	0	0	1	0	1	1	0	73	64	0.139	0.007	0.854	3
0	0	0	0	1	1	1	1	1	22	42	0.789	0.027	0.184	1
0	0	1	1	1	1	1	1	1	42	42	0.925	0.07	0.005	1
0	0	1	1	1	1	1	1	0	52	52	0.925	0.07	0.005	1
0	0	0	1	1	1	1	1	1	39	26	0.959	0.011	0.03	1
0	0	0	0	1	0	1	1	0	74	65	0.139	0.007	0.854	3
0	0	0	0	1	0	1	1	1	57	46	0.139	0.007	0.854	3
0	0	0	0	1	1	1	1	0	73	66	0.789	0.027	0.184	1
0	0	0	0	1	1	1	1	1	42	42	0.789	0.027	0.184	1
0	0	0	0	1	0	1	1	0	72	65	0.139	0.007	0.854	3
0	0	0	0	1	1	1	1	1	37	32	0.789	0.027	0.184	1
0	0	0	1	1	0	1	1	0	61	65	0.541	0.009	0.449	1
0	0	0	1	1	0	1	1	0	42	46	0.541	0.009	0.449	1
0	0	0	0	1	0	1	1	0	81	81	0.139	0.007	0.854	3
0	0	0	1	0	1	1	1	1	23	27	0.806	0.015	0.179	1
0	0	0	1	1	1	1	1	0	62	67	0.959	0.011	0.03	1
0	0	0	0	1	1	1	1	0	68	57	0.789	0.027	0.184	1
0	0	0	0	1	1	1	1	1	34	25	0.789	0.027	0.184	1
0	0	0	0	1	0	1	1	1	5	5	0.139	0.007	0.854	3
0	0	0	0	1	1	1	1	0	77	67	0.789	0.027	0.184	1
0	0	0	0	0	1	1	1	0	70	64	0.371	0.02	0.609	3
0	0	0	0	1	1	1	1	1	53	50	0.789	0.027	0.184	1
0	0	0	1	1	1	1	1	1	45	48	0.959	0.011	0.03	1
0	0	0	0	1	0	1	1	0	71	65	0.139	0.007	0.854	3
0	0	0	0	1	0	1	1	1	45	36	0.139	0.007	0.854	3
0	0	0	1	1	1	1	1	0	66	69	0.959	0.011	0.03	1
0	0	0	1	1	1	1	1	0	55	44	0.959	0.011	0.03	1
0	0	0	0	1	0	1	1	0	72	62	0.139	0.007	0.854	3
0	0	0	0	1	1	1	1	1	30	23	0.789	0.027	0.184	1
0	0	0	0	1	0	1	1	0	70	68	0.139	0.007	0.854	3
0	0	0	0	1	1	1	1	1	28	27	0.789	0.027	0.184	1
0	0	0	1	0	0	0	1	0	53	51	0.146	0.004	0.85	3
0	0	0	0	1	0	1	1	0	84	85	0.139	0.007	0.854	3
0	0	0	1	1	1	1	999	999	17	17	0.959	0.011	0.03	1
0	0	0	1	1	1	1	0	0	30	30	0.959	0.011	0.03	1
0	0	0	0	1	1	1	0	0	999	999	0.789	0.027	0.184	1
0	0	0	0	1	1	1	0	0	17	17	0.789	0.027	0.184	1
0	0	0	0	1	1	1	0	0	31	41	0.789	0.027	0.184	1
0	0	1	0	1	1	0	0	0	21	21	0.794	0.176	0.03	1
0	0	0	0	0	0	0	0	0	24.5	24.5	0.023	0.002	0.976	3
0	0	0	0	0	0	1	0	0	32	22	0.023	0.002	0.976	3
0	0	0	1	0	0	1	0	0	49.5	49.5	0.146	0.004	0.85	3
0	0	0	1	0	0	1	0	0	34.5	44.5	0.146	0.004	0.85	3
0	0	0	1	0	1	1	0	0	43	36	0.806	0.015	0.179	1
0	0	0	0	0	0	1	0	0	54	45	0.023	0.002	0.976	3
0	0	0	0	0	0	1	0	0	999	999	0.023	0.002	0.976	3
0	0	0	0	0	0	1	0	0	49.5	30	0.023	0.002	0.976	3
0	0	0	0	0	0	0	0	0	24.5	24.5	0.023	0.002	0.976	3
0	1	0	0	1	0	1	1	1	2.5	2.5	0	0.561	0.439	2
0	0	0	0	0	0	1	1	1	34.5	34.5	0.023	0.002	0.976	3
0	0	0	1	1	0	1	0	0	38	33	0.541	0.009	0.449	1
0	0	0	1	1	0	1	0	0	26	21	0.541	0.009	0.449	1
0	0	0	1	1	0	1	0	0	27	23	0.541	0.009	0.449	1
0	0	0	1	1	0	1	0	0	31	27	0.541	0.009	0.449	1
0	0	0	1	0	0	1	0	0	47	47	0.146	0.004	0.85	3
0	0	0	1	1	0	1	0	0	37	34	0.541	0.009	0.449	1
0	0	0	1	1	0	1	0	0	29	28	0.541	0.009	0.449	1
0	0	0	1	1	0	1	0	0	29	22	0.541	0.009	0.449	1
0	0	0	1	1	0	1	0	0	37	37	0.541	0.009	0.449	1
0	0	0	1	1	0	1	0	0	39	41	0.541	0.009	0.449	1
0	0	0	1	1	0	1	0	0	26	22	0.541	0.009	0.449	1
0	0	0	1	1	0	1	0	0	37	39	0.541	0.009	0.449	1
0	0	0	0	1	0	1	0	0	45	32	0.139	0.007	0.854	3
0	0	0	0	1	0	1	0	0	43	39	0.139	0.007	0.854	3
0	0	0	0	1	0	1	0	0	32	40	0.139	0.007	0.854	3
0	0	1	1	1	1	1	0	0	52	72	0.925	0.07	0.005	1
0	0	0	0	1	0	1	0	0	38	29	0.139	0.007	0.854	3
0	1	1	0	1	0	1	0	0	28	36	0	0.981	0.019	2
0	0	0	0	1	0	1	0	0	40	41	0.139	0.007	0.854	3
0	0	0	0	1	0	1	0	0	34	29	0.139	0.007	0.854	3
0	0	0	1	1	1	1	0	0	47	47	0.959	0.011	0.03	1
0	0	0	0	1	0	1	0	0	38	39	0.139	0.007	0.854	3
0	0	0	0	1	0	1	0	0	58	61	0.139	0.007	0.854	3
0	0	0	0	1	0	1	0	0	62	61	0.139	0.007	0.854	3
0	0	0	0	1	0	1	0	0	33	32	0.139	0.007	0.854	3
0	0	0	1	1	1	1	0	0	57	75	0.959	0.011	0.03	1
0	0	0	0	1	0	1	0	0	44	39	0.139	0.007	0.854	3
0	0	1	0	1	0	1	0	0	40	40	0.431	0.139	0.43	1
0	0	0	0	1	0	1	0	0	60	62	0.139	0.007	0.854	3
0	0	0	0	1	0	1	0	0	40	38	0.139	0.007	0.854	3
0	0	0	0	1	0	1	0	0	41	34	0.139	0.007	0.854	3
0	0	0	0	1	0	1	0	0	62	64	0.139	0.007	0.854	3
0	0	0	1	1	1	1	0	0	60	68	0.959	0.011	0.03	1
0	0	0	0	1	0	1	0	0	45	43	0.139	0.007	0.854	3
0	0	0	0	1	0	1	0	0	47	38	0.139	0.007	0.854	3
0	0	0	0	1	0	1	0	0	59	59	0.139	0.007	0.854	3
0	1	1	0	1	0	1	0	0	37	39	0	0.981	0.019	2
0	0	0	0	1	0	1	0	0	39	42	0.139	0.007	0.854	3
0	0	0	1	1	1	1	0	0	57	64	0.959	0.011	0.03	1
0	0	0	0	1	0	1	0	0	63	68	0.139	0.007	0.854	3
0	1	0	0	1	0	1	0	0	51	51	0	0.561	0.439	2
0	1	0	0	1	0	1	0	0	55	52	0	0.561	0.439	2
0	0	0	0	1	0	1	0	0	34	25	0.139	0.007	0.854	3
0	0	0	0	1	0	1	0	0	56	51	0.139	0.007	0.854	3
0	0	0	0	1	0	1	0	0	54	49	0.139	0.007	0.854	3
0	0	0	0	0	0	0	0	0	77	87	0.023	0.002	0.976	3
0	0	0	1	1	1	1	0	0	43	48	0.959	0.011	0.03	1
0	0	0	1	0	1	1	0	0	5	15	0.806	0.015	0.179	1
0	0	0	1	1	1	1	0	0	55	73	0.959	0.011	0.03	1
0	0	0	0	1	0	1	0	0	64	62	0.139	0.007	0.854	3
0	0	0	0	1	0	1	0	0	58	58	0.139	0.007	0.854	3
0	0	0	0	1	0	1	0	0	59	63	0.139	0.007	0.854	3
0	0	0	0	1	0	1	0	0	72	77	0.139	0.007	0.854	3
0	0	0	0	1	0	1	0	0	64	62	0.139	0.007	0.854	3
0	0	0	0	0	0	1	0	0	24.5	24.5	0.023	0.002	0.976	3
0	1	1	0	1	1	1	1	1	24	26	0	0.999	0.001	2
0	0	0	0	1	0	1	1	1	24	16	0.139	0.007	0.854	3
0	1	1	0	1	0	1	1	1	23	27	0	0.981	0.019	2
1	1	0	0	1	0	1	1	1	22	18	0	0.983	0.017	2
1	1	1	0	1	0	1	1	1	20	16	0	1	0	2
0	1	0	0	1	0	1	1	1	28	23	0	0.561	0.439	2
1	1	1	0	1	1	1	1	1	32	21	0	1	0	2
0	1	0	0	1	0	1	1	1	37	27	0	0.561	0.439	2
1	1	1	0	1	0	1	1	1	28	25	0	1	0	2
1	1	1	0	1	1	1	1	1	37	30	0	1	0	2
0	0	0	0	1	0	1	1	1	29	35	0.139	0.007	0.854	3
0	0	1	0	1	0	1	1	1	59	62	0.431	0.139	0.43	1
0	0	0	0	1	0	0	999	999	999	999	0.139	0.007	0.854	3
1	0	0	0	1	0	1	1	0	67	57	0.178	0.221	0.601	3
0	0	0	1	1	1	1	0	0	31	33	0.959	0.011	0.03	1
0	0	0	1	1	1	1	0	0	43	58	0.959	0.011	0.03	1
0	0	1	1	1	1	1	0	0	21	28	0.925	0.07	0.005	1
0	0	0	1	0	1	1	0	0	28	36	0.806	0.015	0.179	1
0	0	1	1	1	1	1	0	0	32	39	0.925	0.07	0.005	1
0	0	0	1	1	1	1	0	0	28	31	0.959	0.011	0.03	1
0	0	0	1	0	1	1	0	0	27	25	0.806	0.015	0.179	1
0	0	1	1	1	1	1	0	0	29	33	0.925	0.07	0.005	1
0	0	0	1	1	1	1	0	0	44	39	0.959	0.011	0.03	1
0	0	0	1	0	1	1	0	0	2.5	7.5	0.806	0.015	0.179	1
0	0	0	1	1	1	1	0	0	28	36	0.959	0.011	0.03	1
0	0	0	1	0	0	1	0	0	15	5	0.146	0.004	0.85	3
0	0	0	1	0	0	1	0	0	92	97.5	0.146	0.004	0.85	3
0	1	0	1	1	1	1	0	0	38	33	0	0.983	0.017	2
0	0	0	1	0	0	1	0	0	67	82	0.146	0.004	0.85	3
0	0	0	1	0	0	1	0	0	67	67	0.146	0.004	0.85	3
0	0	0	1	0	0	1	0	0	999	999	0.146	0.004	0.85	3
0	1	0	0	0	0	1	1	1	22	12	0	0.223	0.777	3
0	0	0	0	0	0	1	0	0	38	27	0.023	0.002	0.976	3
0	0	0	1	0	0	1	0	0	75	75	0.146	0.004	0.85	3
0	0	0	0	0	0	0	0	0	27	27	0.023	0.002	0.976	3
0	0	0	0	0	0	0	0	0	999	999	0.023	0.002	0.976	3
0	0	0	0	0	0	1	1	1	52	52	0.023	0.002	0.976	3
0	0	0	1	0	0	1	0	0	44	28	0.146	0.004	0.85	3
0	0	0	1	0	0	1	0	0	52	57	0.146	0.004	0.85	3
0	0	0	1	0	0	1	0	0	37	34	0.146	0.004	0.85	3
0	0	0	0	0	0	0	0	0	999	999	0.023	0.002	0.976	3
0	0	0	1	0	0	1	1	1	57	52	0.146	0.004	0.85	3
0	0	0	0	0	0	0	1	0	999	999	0.023	0.002	0.976	3
0	0	0	0	1	0	1	1	1	58	49	0.139	0.007	0.854	3
0	0	0	0	1	0	1	1	1	52	52	0.139	0.007	0.854	3
0	0	0	1	1	1	1	1	0	58	53	0.959	0.011	0.03	1
0	0	0	1	1	0	1	1	1	52	38	0.541	0.009	0.449	1
0	0	0	0	1	0	1	1	1	52	57	0.139	0.007	0.854	3
0	0	0	0	1	0	1	1	1	77	70	0.139	0.007	0.854	3
0	0	0	1	1	0	1	0	0	22	17	0.541	0.009	0.449	1
1	0	0	1	1	0	1	0	0	12	7.5	0.532	0.225	0.243	1
0	0	1	1	1	0	1	0	0	24.5	75	0.803	0.088	0.108	1
0	0	0	0	0	0	1	0	0	27	22	0.023	0.002	0.976	3
0	0	0	0	0	0	1	0	0	22	2.5	0.023	0.002	0.976	3
0	0	0	1	1	0	1	0	0	59	63	0.541	0.009	0.449	1
0	0	1	1	1	0	1	0	0	70	72	0.803	0.088	0.108	1
0	0	0	1	1	0	1	0	0	52	56	0.541	0.009	0.449	1
0	0	0	1	1	0	1	0	0	61	67	0.541	0.009	0.449	1
0	0	0	1	1	0	1	0	0	62	67	0.541	0.009	0.449	1
0	0	0	1	0	0	1	0	0	72	73	0.146	0.004	0.85	3
0	0	0	1	0	0	1	0	0	53	57	0.146	0.004	0.85	3
0	0	0	0	0	0	0	0	0	24.5	24.5	0.023	0.002	0.976	3
0	0	0	1	0	0	1	0	0	52	57	0.146	0.004	0.85	3
0	0	0	1	1	0	1	999	999	22	12	0.541	0.009	0.449	1
0	0	0	1	1	0	0	1	1	37	27	0.541	0.009	0.449	1
0	0	1	0	0	0	1	0	0	15	15	0.117	0.06	0.823	3
1	0	1	1	0	0	1	0	0	24.5	24.5	0.171	0.74	0.089	2
0	0	1	0	0	0	1	0	0	30	10	0.117	0.06	0.823	3
1	0	1	0	0	0	1	0	0	17	27	0.057	0.724	0.22	2
0	0	0	0	0	0	1	0	0	24.5	24.5	0.023	0.002	0.976	3
1	0	0	0	0	0	1	0	0	41	38	0.037	0.073	0.889	3
0	0	0	1	0	0	1	0	0	2	0.5	0.146	0.004	0.85	3
0	1	0	1	0	0	1	0	0	7	7	0	0.419	0.581	3
0	0	0	0	0	0	0	0	0	24.5	24.5	0.023	0.002	0.976	3
0	0	0	0	1	0	1	0	0	42	47	0.139	0.007	0.854	3
0	0	0	0	0	0	1	0	0	28	23	0.023	0.002	0.976	3
0	0	0	0	1	0	1	0	0	54.5	54.5	0.139	0.007	0.854	3
0	0	0	0	0	0	1	1	1	17	15	0.023	0.002	0.976	3
0	0	0	0	0	0	1	1	1	25	27	0.023	0.002	0.976	3
0	0	0	0	0	0	1	1	1	10	9	0.023	0.002	0.976	3
0	0	0	0	0	0	1	1	1	19	20	0.023	0.002	0.976	3
0	0	0	0	0	0	1	1	1	19	17	0.023	0.002	0.976	3
0	0	0	0	0	0	0	1	0	22	27	0.023	0.002	0.976	3
0	0	0	0	0	0	1	1	1	12	12	0.023	0.002	0.976	3
0	0	0	0	1	0	1	1	1	999	999	0.139	0.007	0.854	3
0	0	0	0	0	0	1	1	1	17	18	0.023	0.002	0.976	3
0	0	0	0	0	0	1	1	1	34	41	0.023	0.002	0.976	3
0	0	0	0	0	0	1	1	1	25	34	0.023	0.002	0.976	3
0	0	0	0	0	0	1	1	1	21	20	0.023	0.002	0.976	3
0	0	1	0	0	0	1	1	1	15	11	0.117	0.06	0.823	3
0	0	0	0	0	0	1	1	1	25	21	0.023	0.002	0.976	3
0	0	0	0	0	0	1	1	1	21	14	0.023	0.002	0.976	3
0	0	0	0	0	0	1	1	1	28	23	0.023	0.002	0.976	3
0	0	0	0	0	0	1	1	1	23	23	0.023	0.002	0.976	3
0	0	0	0	0	0	1	1	1	30	35	0.023	0.002	0.976	3
0	0	0	0	0	0	1	1	1	23	13	0.023	0.002	0.976	3
0	0	0	999	999	999	999	999	999	999	999	0.236	0.006	0.758	3
0	0	0	999	999	999	999	999	999	999	999	0.236	0.006	0.758	3
0	0	0	999	999	999	999	999	999	999	999	0.236	0.006	0.758	3
0	0	0	999	999	999	999	999	999	999	999	0.236	0.006	0.758	3
0	0	0	999	999	999	999	999	999	999	999	0.236	0.006	0.758	3
0	0	0	999	999	999	999	999	999	999	999	0.236	0.006	0.758	3
0	0	0	999	999	999	999	999	999	999	999	0.236	0.006	0.758	3
0	0	0	999	999	999	999	999	999	999	999	0.236	0.006	0.758	3
0	0	0	1	0	0	1	0	0	46	35	0.146	0.004	0.85	3
0	0	0	1	0	0	1	0	0	44.5	54.5	0.146	0.004	0.85	3
1	1	0	1	0	0	1	0	0	48	53	0	0.97	0.03	2
0	0	0	0	0	0	0	0	0	999	999	0.023	0.002	0.976	3
0	0	0	0	1	0	1	0	0	27	38	0.139	0.007	0.854	3
0	0	0	1	1	0	1	0	0	37	47	0.541	0.009	0.449	1
0	0	0	0	1	0	1	0	0	43	49	0.139	0.007	0.854	3
0	0	0	1	0	0	1	0	0	7.5	7.5	0.146	0.004	0.85	3
0	0	0	0	0	0	1	0	0	11	7	0.023	0.002	0.976	3
0	0	0	1	0	0	1	1	1	24.5	999	0.146	0.004	0.85	3
0	0	0	0	0	0	1	1	1	50	49	0.023	0.002	0.976	3
1	1	1	1	0	1	1	1	1	57	57	0	1	0	2
0	1	0	0	0	1	1	1	1	37	35	0	0.838	0.162	2
0	0	0	0	0	0	1	1	1	45	53	0.023	0.002	0.976	3
0	0	0	0	0	0	1	1	1	51	56	0.023	0.002	0.976	3
0	0	0	0	0	0	0	999	999	30	24.5	0.023	0.002	0.976	3
0	0	0	1	1	0	1	1	0	999	999	0.541	0.009	0.449	1
0	1	1	1	0	1	1	1	0	54.5	34.5	0	0.998	0.002	2
0	1	1	1	1	0	1	1	1	41	35	0	0.992	0.008	2
0	0	0	1	0	0	1	1	1	22	22	0.146	0.004	0.85	3
0	0	0	1	0	0	0	1	1	62	52	0.146	0.004	0.85	3
0	1	1	1	1	0	1	1	0	58	51	0	0.992	0.008	2
1	1	1	1	1	1	1	1	0	57	57	0	1	0	2
1	0	0	1	1	0	1	1	0	66	56	0.532	0.225	0.243	1
0	0	0	0	0	0	0	0	0	24.5	24.5	0.023	0.002	0.976	3
0	0	0	0	0	0	1	0	0	34.5	34.5	0.023	0.002	0.976	3
0	0	0	0	0	0	1	0	0	57	47	0.023	0.002	0.976	3
0	0	0	1	0	1	1	1	1	29	24	0.806	0.015	0.179	1
0	0	0	0	0	1	1	1	1	27	32	0.371	0.02	0.609	3
0	0	0	1	1	0	1	1	1	48	44	0.541	0.009	0.449	1
0	0	0	1	1	1	1	1	1	24.5	15	0.959	0.011	0.03	1
0	0	0	1	0	1	1	1	1	39	36	0.806	0.015	0.179	1
0	0	0	1	0	0	1	1	1	34.5	24.5	0.146	0.004	0.85	3
0	0	0	0	0	0	0	1	1	24.5	24.5	0.023	0.002	0.976	3
0	0	0	1	0	0	1	0	0	66	65	0.146	0.004	0.85	3
0	0	1	1	0	0	1	0	0	67	78	0.471	0.081	0.447	1
0	0	0	1	0	0	1	0	0	44	51	0.146	0.004	0.85	3
0	0	0	1	0	0	1	0	0	73	74	0.146	0.004	0.85	3
0	0	0	0	0	0	1	0	0	81	78	0.023	0.002	0.976	3
0	0	1	1	0	0	1	0	0	68	71	0.471	0.081	0.447	1
0	0	0	1	0	0	1	0	0	27	32	0.146	0.004	0.85	3
0	0	0	0	0	0	1	0	0	58	64	0.023	0.002	0.976	3
0	0	0	0	0	0	1	0	0	79	80	0.023	0.002	0.976	3
0	0	0	1	0	0	1	0	0	51	54	0.146	0.004	0.85	3
0	0	0	0	0	0	1	0	0	65	71	0.023	0.002	0.976	3
0	0	1	1	0	0	1	0	0	56	51	0.471	0.081	0.447	1
0	0	0	0	0	0	1	0	0	52	62	0.023	0.002	0.976	3
0	0	0	0	0	0	1	0	0	61	61	0.023	0.002	0.976	3
0	0	0	0	0	0	1	0	0	84	68	0.023	0.002	0.976	3
0	0	0	1	0	0	1	0	0	61	65	0.146	0.004	0.85	3
0	0	0	0	0	0	1	0	0	56	51	0.023	0.002	0.976	3
0	0	1	1	0	0	1	0	0	34	27	0.471	0.081	0.447	1
0	0	0	0	0	0	1	0	0	37	32	0.023	0.002	0.976	3
0	0	0	0	0	0	1	0	0	80	82	0.023	0.002	0.976	3
0	0	0	1	0	0	1	0	0	82	81	0.146	0.004	0.85	3
0	0	0	0	0	0	1	0	0	77	82	0.023	0.002	0.976	3
0	0	0	0	0	0	1	0	0	74	73	0.023	0.002	0.976	3
0	0	0	0	0	0	1	0	0	84	86	0.023	0.002	0.976	3
0	0	0	0	0	0	1	0	0	73	69	0.023	0.002	0.976	3
0	0	0	1	0	0	1	0	0	43	37	0.146	0.004	0.85	3
0	0	0	1	0	0	1	0	0	67	63	0.146	0.004	0.85	3
0	0	0	0	0	0	1	0	0	80	82	0.023	0.002	0.976	3
0	0	0	1	0	0	1	0	0	67	65	0.146	0.004	0.85	3
0	0	0	0	0	0	0	0	0	64.5	74.5	0.023	0.002	0.976	3
0	0	0	0	0	0	1	1	1	34.5	24.5	0.023	0.002	0.976	3
0	1	0	0	0	0	1	1	1	24.5	24.5	0	0.223	0.777	3
0	0	0	0	0	0	1	0	0	49.5	69.5	0.023	0.002	0.976	3
0	0	0	0	0	0	1	0	0	999	999	0.023	0.002	0.976	3
1	1	1	1	1	1	1	0	0	74.5	64.5	0	1	0	2
0	0	0	1	1	1	1	0	0	35	29	0.959	0.011	0.03	1
0	0	0	0	0	0	1	0	0	62	72	0.023	0.002	0.976	3
1	1	0	0	1	0	1	0	0	47	50	0	0.983	0.017	2
0	0	0	0	0	0	0	0	0	24.5	24.5	0.023	0.002	0.976	3
0	0	0	0	0	0	0	0	0	75	24.5	0.023	0.002	0.976	3
0	0	0	999	999	999	999	999	999	999	999	0.236	0.006	0.758	3
0	0	0	0	1	0	1	1	0	68	63	0.139	0.007	0.854	3
0	0	0	0	1	0	1	1	0	55	57	0.139	0.007	0.854	3
0	0	0	1	1	1	1	1	0	69	72	0.959	0.011	0.03	1
0	1	0	0	1	0	1	1	1	38	48	0	0.561	0.439	2
1	1	0	1	1	1	1	1	1	29	21	0	1	0	2
0	0	0	0	1	0	1	1	0	47	47	0.139	0.007	0.854	3
0	0	0	0	1	0	1	1	1	61	58	0.139	0.007	0.854	3
0	0	0	0	1	0	1	1	1	42	43	0.139	0.007	0.854	3
0	0	1	1	1	1	1	1	0	51	58	0.925	0.07	0.005	1
0	0	0	0	1	0	1	1	1	48	49	0.139	0.007	0.854	3
0	1	0	0	1	0	1	1	1	39	38	0	0.561	0.439	2
0	0	0	0	1	0	1	1	1	50	49	0.139	0.007	0.854	3
1	1	0	1	1	1	1	1	1	42	42	0	1	0	2
0	0	0	0	1	0	1	1	0	72	69	0.139	0.007	0.854	3
0	0	0	0	1	0	1	1	1	69	60	0.139	0.007	0.854	3
0	1	0	0	1	0	1	1	1	53	33	0	0.561	0.439	2
0	0	1	1	1	1	1	1	1	48	54	0.925	0.07	0.005	1
0	0	0	0	1	0	1	1	999	64	64	0.139	0.007	0.854	3
1	1	1	1	1	1	1	1	0	62	54	0	1	0	2
0	0	0	0	1	0	1	1	1	43	37	0.139	0.007	0.854	3
0	0	0	0	1	0	1	1	0	61	65	0.139	0.007	0.854	3
1	0	1	0	1	1	1	1	1	43	38	0.152	0.845	0.003	2
0	0	0	1	1	0	1	1	0	68	62	0.541	0.009	0.449	1
0	0	0	1	1	0	1	1	0	66	64	0.541	0.009	0.449	1
0	0	0	0	1	0	1	1	0	77	79	0.139	0.007	0.854	3
1	0	1	1	1	0	1	1	0	77	72	0.261	0.719	0.019	2
1	1	0	1	1	0	1	1	0	73	72	0	0.993	0.007	2
0	0	0	1	1	1	1	1	0	69	70	0.959	0.011	0.03	1
0	1	1	1	1	0	1	1	0	67	60	0	0.992	0.008	2
0	0	0	1	1	1	1	1	0	64	70	0.959	0.011	0.03	1
0	0	1	1	1	0	1	1	0	73	68	0.803	0.088	0.108	1
0	0	0	1	1	0	1	1	0	73	69	0.541	0.009	0.449	1
0	0	0	0	0	0	0	1	0	67	70	0.023	0.002	0.976	3
0	1	0	1	1	0	1	1	0	61	66	0	0.763	0.237	2
0	0	0	0	1	0	1	1	0	64	56	0.139	0.007	0.854	3
1	1	1	0	1	0	1	1	0	66	65	0	1	0	2
0	0	0	0	1	0	1	1	0	60	66	0.139	0.007	0.854	3
0	0	0	0	1	0	1	1	1	5	15	0.139	0.007	0.854	3
0	0	0	0	1	0	1	1	0	73	80	0.139	0.007	0.854	3
0	0	0	1	999	0	1	0	0	24.5	24.5	0.334	0.006	0.66	3
0	0	0	0	1	0	1	0	0	58	66	0.139	0.007	0.854	3
0	0	0	0	1	0	1	0	0	52	72	0.139	0.007	0.854	3
0	0	0	1	1	0	1	0	0	67	72	0.541	0.009	0.449	1
0	0	1	0	1	0	1	0	0	48	61	0.431	0.139	0.43	1
0	0	0	0	1	0	1	0	0	47	57	0.139	0.007	0.854	3
0	0	0	0	1	0	1	0	0	59	63	0.139	0.007	0.854	3
0	0	0	0	1	0	0	0	0	999	999	0.139	0.007	0.854	3
0	0	0	0	0	0	1	0	0	57	42	0.023	0.002	0.976	3
0	0	0	0	1	0	1	1	1	29	34	0.139	0.007	0.854	3
0	0	0	0	1	0	1	1	1	36	39	0.139	0.007	0.854	3
0	0	1	0	1	0	1	1	1	36	45	0.431	0.139	0.43	1
0	0	0	0	1	0	1	1	1	45	53	0.139	0.007	0.854	3
0	0	0	0	1	0	1	1	1	29	45	0.139	0.007	0.854	3
0	0	0	0	0	0	1	1	999	42	37	0.023	0.002	0.976	3
0	0	0	1	1	0	1	1	1	37	37	0.541	0.009	0.449	1
0	0	0	1	1	0	1	1	0	75	75	0.541	0.009	0.449	1
0	0	0	0	1	0	1	0	0	62	67	0.139	0.007	0.854	3
0	0	0	1	1	0	1	0	0	74.5	54.5	0.541	0.009	0.449	1
0	0	1	0	1	0	1	0	0	53	57	0.431	0.139	0.43	1
0	0	0	0	1	0	0	0	0	24.5	24.5	0.139	0.007	0.854	3
0	0	0	1	0	0	1	1	1	14	15	0.146	0.004	0.85	3
0	0	0	1	0	0	1	1	1	5	5	0.146	0.004	0.85	3
0	0	1	1	1	0	1	1	1	17	18	0.803	0.088	0.108	1
0	0	1	1	1	0	1	1	1	34	35	0.803	0.088	0.108	1
0	0	0	1	1	0	1	1	1	18	20	0.541	0.009	0.449	1
0	0	0	1	1	0	1	1	1	47	59	0.541	0.009	0.449	1
0	0	0	1	1	0	1	1	1	31	33	0.541	0.009	0.449	1
0	0	1	1	1	0	1	1	1	27	34	0.803	0.088	0.108	1
0	0	1	1	1	0	1	1	1	31	26	0.803	0.088	0.108	1
0	0	1	1	1	0	1	1	1	33	37	0.803	0.088	0.108	1
0	0	1	1	1	0	1	1	1	25	27	0.803	0.088	0.108	1
0	0	0	1	1	0	1	1	1	999	999	0.541	0.009	0.449	1
0	0	0	1	1	0	1	1	1	34	36	0.541	0.009	0.449	1
0	0	1	1	1	0	1	1	1	20	17	0.803	0.088	0.108	1
0	0	1	1	1	0	1	1	1	42	52	0.803	0.088	0.108	1
0	0	0	0	1	0	1	1	1	38	48	0.139	0.007	0.854	3
0	0	0	1	1	0	1	1	1	35	35	0.541	0.009	0.449	1
0	0	0	1	0	0	1	1	1	28	27	0.146	0.004	0.85	3
0	0	1	1	1	0	1	1	1	20	21	0.803	0.088	0.108	1
0	0	1	1	1	0	1	1	1	24	21	0.803	0.088	0.108	1
0	0	1	1	1	0	1	1	1	26	38	0.803	0.088	0.108	1
0	0	0	0	0	0	0	1	0	24.5	24.5	0.023	0.002	0.976	3
0	0	1	1	1	0	1	1	1	45	39	0.803	0.088	0.108	1
0	0	0	0	1	0	1	0	0	27	22	0.139	0.007	0.854	3
0	0	0	1	0	0	999	999	999	999	999	0.146	0.004	0.85	3
0	0	0	1	0	0	1	0	0	17	7.5	0.146	0.004	0.85	3
0	0	0	1	1	0	1	0	0	67	61	0.541	0.009	0.449	1
0	0	0	1	1	0	1	0	0	56	47	0.541	0.009	0.449	1
0	0	0	1	1	0	1	0	0	63	54	0.541	0.009	0.449	1
0	0	1	1	1	0	1	0	0	64.5	69.5	0.803	0.088	0.108	1
0	0	0	1	1	0	1	0	0	33	33	0.541	0.009	0.449	1
0	0	1	1	1	0	1	0	0	47	37	0.803	0.088	0.108	1
0	0	1	1	1	0	1	0	0	65	55	0.803	0.088	0.108	1
0	0	0	1	1	0	1	0	0	37	42	0.541	0.009	0.449	1
0	0	1	1	1	1	1	0	0	37	36	0.925	0.07	0.005	1
0	0	0	1	1	0	1	0	0	40	37	0.541	0.009	0.449	1
0	0	0	1	1	0	1	0	0	64	63	0.541	0.009	0.449	1
0	1	1	1	1	1	1	0	0	19	15	0	1	0	2
0	0	0	1	1	0	1	0	0	27	33	0.541	0.009	0.449	1
1	1	0	1	1	0	1	0	0	60	51	0	0.993	0.007	2
0	0	1	1	1	0	1	0	0	37	31	0.803	0.088	0.108	1
0	0	0	1	1	0	1	0	0	38	39	0.541	0.009	0.449	1
0	0	1	1	1	0	1	0	0	58	49	0.803	0.088	0.108	1
0	0	0	1	1	0	1	0	0	41	42	0.541	0.009	0.449	1
0	0	0	1	1	0	1	0	0	28	28	0.541	0.009	0.449	1
0	0	0	1	1	0	1	0	0	33	33	0.541	0.009	0.449	1
0	1	0	1	1	0	1	0	0	37	32	0	0.763	0.237	2
0	1	1	1	1	1	1	0	0	25	27	0	1	0	2
0	0	0	0	1	0	0	0	0	999	999	0.139	0.007	0.854	3
0	0	0	1	1	0	1	0	0	74	65	0.541	0.009	0.449	1
0	0	0	1	0	0	1	0	0	55	37	0.146	0.004	0.85	3
0	0	0	999	999	999	999	999	999	999	999	0.236	0.006	0.758	3
0	0	0	1	1	0	1	1	0	70	75	0.541	0.009	0.449	1
0	0	0	1	1	0	1	1	0	71	73	0.541	0.009	0.449	1
0	0	0	1	1	0	1	1	1	42	42	0.541	0.009	0.449	1
0	0	0	1	1	0	1	1	1	52	52	0.541	0.009	0.449	1
0	0	0	1	1	0	1	1	1	42	37	0.541	0.009	0.449	1
0	0	0	1	1	0	1	1	999	47	49	0.541	0.009	0.449	1
0	0	0	1	1	0	1	1	1	5	5	0.541	0.009	0.449	1
0	0	0	0	0	0	1	0	0	999	999	0.023	0.002	0.976	3
0	0	0	0	0	0	1	0	0	55	56	0.023	0.002	0.976	3
0	0	0	0	0	0	1	0	0	46	42	0.023	0.002	0.976	3
0	0	0	1	0	0	1	0	0	57	62	0.146	0.004	0.85	3
0	0	0	0	0	0	1	1	1	32	22	0.023	0.002	0.976	3
0	0	0	0	0	0	0	0	0	999	999	0.023	0.002	0.976	3
0	1	1	1	0	0	1	0	0	32	25	0	0.967	0.033	2
0	1	1	1	1	0	1	0	0	42	47	0	0.992	0.008	2
0	1	1	1	1	0	1	0	0	31	23	0	0.992	0.008	2
0	1	1	1	1	0	1	0	0	23	19	0	0.992	0.008	2
0	0	0	1	1	0	1	1	1	33	27	0.541	0.009	0.449	1
0	0	0	1	1	0	1	1	1	33	40	0.541	0.009	0.449	1
0	0	0	1	1	0	1	1	1	36	33	0.541	0.009	0.449	1
0	0	0	1	1	0	1	1	1	30	38	0.541	0.009	0.449	1
0	0	0	1	1	0	1	1	1	32	25	0.541	0.009	0.449	1
0	0	0	1	0	0	0	1	1	97.5	92	0.146	0.004	0.85	3
0	0	0	0	0	0	1	0	0	25	21	0.023	0.002	0.976	3
0	0	0	0	0	0	1	0	0	23	12	0.023	0.002	0.976	3
1	0	1	1	0	0	1	1	1	26	21	0.171	0.74	0.089	2
0	0	1	1	0	0	1	1	1	47	47	0.471	0.081	0.447	1
0	0	0	1	0	0	1	1	1	42	22	0.146	0.004	0.85	3
0	0	0	0	0	0	1	0	0	37	47	0.023	0.002	0.976	3
0	0	0	1	0	0	1	0	0	27	47	0.146	0.004	0.85	3
0	0	0	1	0	0	1	0	0	10	10	0.146	0.004	0.85	3
0	0	0	0	0	0	1	0	0	21	36	0.023	0.002	0.976	3
0	0	0	0	0	0	1	0	0	24.5	24.5	0.023	0.002	0.976	3
0	0	0	0	0	0	1	0	0	10	10	0.023	0.002	0.976	3
0	0	0	1	0	0	1	0	0	999	999	0.146	0.004	0.85	3
0	0	0	1	0	0	1	0	0	31	27	0.146	0.004	0.85	3
0	0	0	1	0	0	1	0	0	56	56	0.146	0.004	0.85	3
0	0	0	1	0	1	1	0	0	62	54	0.806	0.015	0.179	1
0	0	0	1	0	1	1	0	0	57	62	0.806	0.015	0.179	1
0	0	1	1	1	0	1	0	0	28	19	0.803	0.088	0.108	1
0	1	1	1	0	0	1	0	0	21	17	0	0.967	0.033	2
0	1	1	1	1	0	1	0	0	27	25	0	0.992	0.008	2
0	0	0	0	0	0	1	0	0	40	38	0.023	0.002	0.976	3
0	0	0	1	0	0	1	0	0	52	47	0.146	0.004	0.85	3
1	0	0	1	0	0	1	0	0	32	22	0.205	0.136	0.659	3
0	0	1	1	0	1	1	0	0	23	16	0.866	0.103	0.031	1
0	0	0	1	0	0	1	0	0	42	37	0.146	0.004	0.85	3
0	0	0	1	0	0	1	0	0	82	77	0.146	0.004	0.85	3
0	0	0	1	0	0	1	0	0	62	57	0.146	0.004	0.85	3
0	1	1	1	0	0	1	0	0	27	29	0	0.967	0.033	2
0	0	0	1	0	0	1	0	0	37	42	0.146	0.004	0.85	3
0	1	0	1	0	0	1	0	0	32	37	0	0.419	0.581	3
0	0	0	1	0	0	1	0	0	34	34	0.146	0.004	0.85	3
0	0	0	1	0	0	1	0	0	32	37	0.146	0.004	0.85	3
0	0	0	1	0	0	1	0	0	37	47	0.146	0.004	0.85	3
0	0	0	1	0	0	1	0	0	14	6	0.146	0.004	0.85	3
0	1	0	1	0	0	1	0	0	54	51	0	0.419	0.581	3
0	0	0	1	0	0	1	0	0	22	27	0.146	0.004	0.85	3
0	1	1	1	1	0	1	0	0	29	20	0	0.992	0.008	2
0	0	0	1	0	0	1	0	0	38	40	0.146	0.004	0.85	3
0	0	0	1	0	0	1	0	0	47	37	0.146	0.004	0.85	3
0	0	0	1	1	0	1	0	0	42	47	0.541	0.009	0.449	1
0	0	0	1	1	0	1	0	0	47	42	0.541	0.009	0.449	1
0	0	0	1	0	0	1	0	0	37	32	0.146	0.004	0.85	3
0	0	0	1	0	0	1	0	0	27	22	0.146	0.004	0.85	3
1	0	0	1	0	0	1	0	0	16	21	0.205	0.136	0.659	3
0	0	0	1	0	0	1	0	0	22	32	0.146	0.004	0.85	3
0	0	1	1	0	1	1	0	0	21	16	0.866	0.103	0.031	1
0	1	1	1	0	0	1	0	0	21	19	0	0.967	0.033	2
0	1	1	1	0	0	1	0	0	22	22	0	0.967	0.033	2
0	1	0	1	0	0	1	0	0	22	12	0	0.419	0.581	3
0	0	0	1	1	0	1	0	0	13	7	0.541	0.009	0.449	1
0	0	0	1	1	0	1	0	0	77	67	0.541	0.009	0.449	1
0	0	1	1	0	0	1	0	0	18	14	0.471	0.081	0.447	1
0	0	0	1	0	0	1	0	0	32	27	0.146	0.004	0.85	3
0	0	0	1	1	0	1	0	0	47	52	0.541	0.009	0.449	1
0	0	1	1	0	1	1	0	0	15	12	0.866	0.103	0.031	1
0	0	0	1	0	0	1	0	0	37	42	0.146	0.004	0.85	3
0	0	0	1	1	0	1	0	0	39	40	0.541	0.009	0.449	1
0	0	0	1	0	0	1	0	0	47	42	0.146	0.004	0.85	3
0	0	0	0	1	0	1	0	0	37	27	0.139	0.007	0.854	3
0	0	0	1	0	0	1	0	0	37	37	0.146	0.004	0.85	3
0	0	0	1	0	0	1	0	0	48	43	0.146	0.004	0.85	3
0	0	0	1	0	0	1	0	0	42	32	0.146	0.004	0.85	3
0	0	0	1	0	0	1	0	0	33	38	0.146	0.004	0.85	3
0	0	0	1	0	0	1	0	0	55	48	0.146	0.004	0.85	3
0	0	1	1	0	1	1	0	0	19	9	0.866	0.103	0.031	1
0	0	0	1	0	0	1	0	0	30	30	0.146	0.004	0.85	3
0	0	0	1	0	0	1	0	0	32	32	0.146	0.004	0.85	3
0	1	0	1	0	0	1	0	0	27	17	0	0.419	0.581	3
0	0	0	1	0	1	1	0	0	12	15	0.806	0.015	0.179	1
0	0	0	1	0	0	1	0	0	42	32	0.146	0.004	0.85	3
0	0	1	1	0	1	1	0	0	22	22	0.866	0.103	0.031	1
0	0	0	1	0	0	1	0	0	48	43	0.146	0.004	0.85	3
1	1	0	1	1	0	1	0	0	57	62	0	0.993	0.007	2
0	0	0	1	0	0	1	0	0	27	32	0.146	0.004	0.85	3
0	0	0	1	1	1	1	0	0	40	44	0.959	0.011	0.03	1
0	0	0	1	0	0	1	0	0	22	27	0.146	0.004	0.85	3
0	0	0	1	0	0	0	0	0	99.5	97.5	0.146	0.004	0.85	3
0	0	0	1	0	0	1	0	0	37	32	0.146	0.004	0.85	3
0	0	0	1	1	1	1	0	0	22	22	0.959	0.011	0.03	1
0	0	1	1	1	1	1	0	0	22	22	0.925	0.07	0.005	1
0	1	0	1	0	0	1	0	0	37	32	0	0.419	0.581	3
0	1	1	1	0	0	1	0	0	42	37	0	0.967	0.033	2
0	0	1	1	1	1	1	0	0	5	5	0.925	0.07	0.005	1
0	0	0	1	0	0	1	0	0	62	57	0.146	0.004	0.85	3
0	0	0	1	0	0	1	0	0	62	62	0.146	0.004	0.85	3
0	0	0	1	0	0	1	0	0	37	32	0.146	0.004	0.85	3
1	0	0	1	0	0	1	0	0	57	52	0.205	0.136	0.659	3
0	0	0	1	0	0	1	0	0	62	62	0.146	0.004	0.85	3
0	0	0	1	0	0	1	0	0	29	19	0.146	0.004	0.85	3
0	0	0	1	1	0	1	0	0	31	29	0.541	0.009	0.449	1
0	0	0	1	0	0	1	0	0	10	10	0.146	0.004	0.85	3
0	0	0	1	0	0	1	0	0	24.5	24.5	0.146	0.004	0.85	3
0	0	0	1	0	0	1	0	0	999	999	0.146	0.004	0.85	3
0	0	0	1	0	0	1	0	0	10	10	0.146	0.004	0.85	3
0	0	0	0	0	0	1	0	0	42	47	0.023	0.002	0.976	3
0	0	0	1	0	0	1	0	0	37	32	0.146	0.004	0.85	3
0	0	0	0	0	0	0	0	0	32	22	0.023	0.002	0.976	3
0	0	0	1	0	0	1	0	0	26	26	0.146	0.004	0.85	3
0	0	0	1	0	0	1	0	0	28	17	0.146	0.004	0.85	3
0	0	0	1	1	0	1	0	0	999	999	0.541	0.009	0.449	1
0	0	1	1	1	0	1	0	0	27	22	0.803	0.088	0.108	1
0	0	1	1	1	0	1	0	0	33	28	0.803	0.088	0.108	1
0	0	0	0	1	0	1	0	0	63	65	0.139	0.007	0.854	3
0	0	0	0	1	0	1	0	0	66	73	0.139	0.007	0.854	3
0	0	0	0	1	0	1	0	0	67	66	0.139	0.007	0.854	3
0	0	0	0	1	0	1	0	0	78	83	0.139	0.007	0.854	3
0	0	0	1	1	0	1	0	0	73	75	0.541	0.009	0.449	1
0	0	0	0	1	0	0	0	0	57	37	0.139	0.007	0.854	3
0	0	0	0	1	0	1	0	0	66	70	0.139	0.007	0.854	3
0	0	0	0	1	0	1	0	0	63	71	0.139	0.007	0.854	3
0	0	0	1	1	0	1	0	0	64	67	0.541	0.009	0.449	1
0	0	0	0	1	0	1	0	0	64	68	0.139	0.007	0.854	3
0	0	0	1	1	0	1	0	0	77	84.5	0.541	0.009	0.449	1
0	0	0	0	1	0	1	0	0	81	84	0.139	0.007	0.854	3
0	0	0	0	1	0	1	0	0	77	84	0.139	0.007	0.854	3
0	0	0	0	1	0	1	0	0	59	63	0.139	0.007	0.854	3
0	0	0	0	1	0	1	0	0	72	71	0.139	0.007	0.854	3
0	0	0	1	1	0	1	0	0	15	24.5	0.541	0.009	0.449	1
0	0	0	0	1	0	0	0	0	64	65	0.139	0.007	0.854	3
0	0	0	1	1	0	1	0	0	49.5	49.5	0.541	0.009	0.449	1
0	0	0	0	1	0	1	0	0	79	85	0.139	0.007	0.854	3
0	0	0	0	1	0	1	0	0	77	77	0.139	0.007	0.854	3
0	0	0	0	0	0	0	0	0	15	5	0.023	0.002	0.976	3
0	0	0	1	1	0	1	0	0	999	999	0.541	0.009	0.449	1
0	0	0	0	0	0	1	1	0	66	67	0.023	0.002	0.976	3
0	0	1	0	0	0	1	1	1	60	58	0.117	0.06	0.823	3
0	0	0	0	0	0	1	1	1	24	21	0.023	0.002	0.976	3
0	0	1	0	0	0	1	1	1	34	36	0.117	0.06	0.823	3
0	0	0	0	0	0	1	1	1	33	24	0.023	0.002	0.976	3
0	0	1	0	0	0	1	1	1	44	43	0.117	0.06	0.823	3
0	0	1	0	0	0	1	1	1	31	33	0.117	0.06	0.823	3
0	0	1	0	0	0	1	1	1	34	31	0.117	0.06	0.823	3
0	0	0	0	0	0	1	1	1	37	27	0.023	0.002	0.976	3
0	0	1	0	0	0	1	1	1	44	48	0.117	0.06	0.823	3
0	0	0	0	0	0	1	1	1	40	45	0.023	0.002	0.976	3
0	0	0	0	0	0	1	1	0	72	66	0.023	0.002	0.976	3
0	0	1	0	0	0	1	1	1	39	40	0.117	0.06	0.823	3
0	0	1	0	0	0	1	1	1	23	25	0.117	0.06	0.823	3
0	0	0	0	0	0	1	1	1	39	34	0.023	0.002	0.976	3
0	1	1	0	0	0	1	1	1	20	17	0	0.92	0.08	2
0	0	0	0	0	0	1	1	1	32	31	0.023	0.002	0.976	3
0	0	1	0	0	0	1	999	999	26	20	0.117	0.06	0.823	3
0	0	0	0	0	0	1	1	1	24	26	0.023	0.002	0.976	3
0	0	0	0	0	0	1	1	1	33	28	0.023	0.002	0.976	3
0	1	1	0	0	0	1	1	1	38	37	0	0.92	0.08	2
0	0	1	0	0	0	1	1	1	23	28	0.117	0.06	0.823	3
0	0	1	0	0	0	1	1	1	49	48	0.117	0.06	0.823	3
0	0	1	0	0	0	1	1	1	25	25	0.117	0.06	0.823	3
0	0	0	0	0	0	1	1	1	42	42	0.023	0.002	0.976	3
0	0	0	0	0	0	1	1	1	24	28	0.023	0.002	0.976	3
0	0	0	0	0	0	1	1	1	39	33	0.023	0.002	0.976	3
0	0	0	0	0	0	1	1	1	48	43	0.023	0.002	0.976	3
0	0	0	0	0	0	1	1	1	28	30	0.023	0.002	0.976	3
0	0	0	0	0	0	1	1	1	36	40	0.023	0.002	0.976	3
0	0	0	0	0	0	1	1	1	41	44	0.023	0.002	0.976	3
0	0	1	0	0	0	1	1	1	38	40	0.117	0.06	0.823	3
0	0	0	0	0	0	1	0	0	27	17	0.023	0.002	0.976	3
0	0	0	0	0	0	1	0	0	22	22	0.023	0.002	0.976	3
0	0	0	1	0	0	1	0	0	15	5	0.146	0.004	0.85	3
0	0	0	0	0	0	1	0	0	18	19	0.023	0.002	0.976	3
0	0	0	1	0	0	1	0	0	7	8	0.146	0.004	0.85	3
0	0	0	0	1	0	1	0	0	22	37	0.139	0.007	0.854	3
0	0	0	0	0	0	1	0	0	14	27	0.023	0.002	0.976	3
0	1	1	1	0	0	1	1	1	26	30	0	0.967	0.033	2
0	1	1	1	0	0	1	1	1	47	47	0	0.967	0.033	2
0	0	0	1	0	0	1	1	1	47	52	0.146	0.004	0.85	3
0	0	0	1	0	0	1	1	999	52	52	0.146	0.004	0.85	3
0	0	0	0	0	0	0	1	0	24.5	24.5	0.023	0.002	0.976	3
0	0	0	1	0	0	1	1	1	37	47	0.146	0.004	0.85	3
0	0	0	1	1	1	1	1	1	47	57	0.959	0.011	0.03	1
0	0	0	1	0	1	1	1	1	36	37	0.806	0.015	0.179	1
0	1	1	1	0	1	1	1	1	49.5	49.5	0	0.998	0.002	2
0	1	1	0	1	0	1	1	1	39	34	0	0.981	0.019	2
0	1	0	1	0	0	1	1	1	28	29	0	0.419	0.581	3
0	0	0	1	0	0	1	1	1	22	27	0.146	0.004	0.85	3
0	0	0	0	1	0	0	0	0	999	999	0.139	0.007	0.854	3
0	0	0	1	1	0	1	0	0	23	20	0.541	0.009	0.449	1
0	0	0	1	0	0	1	0	0	12	13	0.146	0.004	0.85	3
0	0	0	1	0	0	1	0	0	22	17	0.146	0.004	0.85	3
0	0	0	1	1	0	1	0	0	42	47	0.541	0.009	0.449	1
0	0	0	1	0	0	1	0	0	32	22	0.146	0.004	0.85	3
0	0	0	1	0	0	1	0	0	41	55	0.146	0.004	0.85	3
0	1	1	1	0	0	1	0	0	999	999	0	0.967	0.033	2
0	1	1	1	0	0	1	0	0	29	34	0	0.967	0.033	2
0	0	0	1	0	1	1	0	0	32	32	0.806	0.015	0.179	1
0	0	1	1	0	0	1	0	0	24	31	0.471	0.081	0.447	1
0	0	0	1	1	0	1	1	1	24.5	24.5	0.541	0.009	0.449	1
0	0	0	0	0	0	1	1	1	30	30	0.023	0.002	0.976	3
0	0	0	0	0	0	1	1	1	999	999	0.023	0.002	0.976	3
0	0	0	0	0	0	1	0	0	49.5	49.5	0.023	0.002	0.976	3
0	0	0	0	0	0	1	1	1	47	62	0.023	0.002	0.976	3
0	0	0	1	0	0	1	1	1	42	52	0.146	0.004	0.85	3
0	0	0	0	0	0	1	1	1	27	32	0.023	0.002	0.976	3
0	0	0	1	0	1	1	1	1	14	11	0.806	0.015	0.179	1
0	0	0	1	0	1	1	1	1	28	23	0.806	0.015	0.179	1
0	0	0	1	0	0	1	1	1	45	48	0.146	0.004	0.85	3
0	0	0	0	0	0	0	1	1	64.5	44.5	0.023	0.002	0.976	3
0	0	1	1	0	0	1	1	1	44	50	0.471	0.081	0.447	1
0	0	0	1	0	0	1	1	1	41	42	0.146	0.004	0.85	3
0	0	0	1	0	0	1	1	1	27	27	0.146	0.004	0.85	3
0	0	0	1	0	1	1	1	1	27	27	0.806	0.015	0.179	1
0	0	0	1	0	0	1	1	1	27	37	0.146	0.004	0.85	3
0	0	0	0	0	0	1	1	1	48	44	0.023	0.002	0.976	3
0	0	0	1	0	0	1	1	1	52	50	0.146	0.004	0.85	3
0	1	1	1	0	1	1	1	1	34	28	0	0.998	0.002	2
0	0	0	1	0	1	1	1	1	41	36	0.806	0.015	0.179	1
0	0	0	1	0	0	1	1	1	48	47	0.146	0.004	0.85	3
0	0	0	0	0	0	0	999	999	24.5	24.5	0.023	0.002	0.976	3
1	0	0	1	0	0	1	1	1	2.5	2.5	0.205	0.136	0.659	3
0	0	0	1	1	1	1	1	1	27	17	0.959	0.011	0.03	1
1	1	1	1	0	1	1	1	1	22	22	0	1	0	2
0	0	1	1	0	1	1	1	1	37	47	0.866	0.103	0.031	1
0	0	0	1	1	1	1	1	1	42	37	0.959	0.011	0.03	1
1	0	0	1	1	1	1	1	1	17	17	0.765	0.222	0.013	1
0	0	0	1	0	0	1	1	0	37	27	0.146	0.004	0.85	3
0	0	0	1	0	0	1	1	999	999	999	0.146	0.004	0.85	3
0	0	0	1	0	0	1	1	1	27	22	0.146	0.004	0.85	3
0	0	0	0	0	0	0	1	0	24.5	999	0.023	0.002	0.976	3
0	1	1	1	1	1	1	0	0	24.5	24.5	0	1	0	2
999	999	999	0	0	0	999	999	999	999	999	0.027	0.037	0.936	3
999	999	999	1	0	0	999	999	999	999	999	0.162	0.075	0.762	3
999	999	999	1	0	0	0	0	0	10	10	0.162	0.075	0.762	3
999	999	999	1	0	0	0	0	0	5	5	0.162	0.075	0.762	3
999	999	999	1	0	0	0	0	0	7.5	2.5	0.162	0.075	0.762	3
999	999	999	1	0	0	0	0	0	15	7.5	0.162	0.075	0.762	3
999	999	999	1	0	0	0	0	0	5	15	0.162	0.075	0.762	3
999	999	999	1	0	0	0	0	0	17	17	0.162	0.075	0.762	3
999	999	999	1	0	0	0	0	0	24.5	24.5	0.162	0.075	0.762	3
999	999	999	0	0	0	999	999	999	999	999	0.027	0.037	0.936	3
999	999	999	1	0	0	999	999	999	999	999	0.162	0.075	0.762	3
999	999	999	0	0	0	999	999	999	999	999	0.027	0.037	0.936	3
999	999	999	1	0	0	999	999	999	999	999	0.162	0.075	0.762	3
999	999	999	1	0	0	999	999	999	999	999	0.162	0.075	0.762	3
999	999	999	1	0	1	999	999	999	999	999	0.668	0.213	0.119	1
999	999	999	0	0	0	999	999	999	999	999	0.027	0.037	0.936	3
999	999	999	0	0	0	999	999	999	999	999	0.027	0.037	0.936	3
999	999	999	0	0	0	999	999	999	999	999	0.027	0.037	0.936	3
999	999	999	0	0	0	999	999	999	999	999	0.027	0.037	0.936	3
999	999	999	0	0	0	999	999	999	999	999	0.027	0.037	0.936	3
999	999	999	0	0	0	999	999	999	999	999	0.027	0.037	0.936	3
999	999	999	0	0	0	999	999	999	999	999	0.027	0.037	0.936	3
999	999	999	0	0	0	999	999	999	999	999	0.027	0.037	0.936	3
999	999	999	0	0	0	999	999	999	999	999	0.027	0.037	0.936	3
999	999	999	0	0	0	999	999	999	999	999	0.027	0.037	0.936	3
999	999	999	0	0	0	999	999	999	999	999	0.027	0.037	0.936	3
999	999	999	0	0	0	999	999	999	999	999	0.027	0.037	0.936	3
